filepath,D_IMRANG,RET-ANG1,RET-POS1,single_sum,single_diff,LCOUNTS,RCOUNTS,sum_std,diff_std,p,a,wavelength_bin
/home/shared/exoserver/CHARIS-cals/Nov-onsky/HD7808/cubes/data/raw/CRSA00174023_cube.fits,87.74739,0.0,64.84,975707.954250109,22627.12715506635,476540.4135475213,499167.5407025877,7313.903067303755,7313.903067303755,32.79378682071064,48.46753218,1471.4264
/home/shared/exoserver/CHARIS-cals/Nov-onsky/HD7808/cubes/data/raw/CRSA00174024_cube.fits,87.72695,45.0,109.85,956913.1882861768,2790.925539289776,477061.1313734435,479852.0569127333,6634.350925398811,6634.350925398811,32.84438826942105,48.44483802,1471.4264
/home/shared/exoserver/CHARIS-cals/Nov-onsky/HD7808/cubes/data/raw/CRSA00174025_cube.fits,87.72243,22.5,87.35,942366.9655452296,14411.611886968254,463977.6768291307,478389.2887160989,6483.819507614057,6483.819507614057,32.895043291817466,48.42255176,1471.4264
/home/shared/exoserver/CHARIS-cals/Nov-onsky/HD7808/cubes/data/raw/CRSA00174026_cube.fits,87.7031,67.5,132.35,962587.963527161,10296.102789432509,476145.93036886427,486442.0331582968,7059.378689236103,7059.378689236103,32.94641399654008,48.3997845,1471.4264
/home/shared/exoserver/CHARIS-cals/Nov-onsky/HD7808/cubes/data/raw/CRSA00174027_cube.fits,87.70258,0.0,64.85,987937.2638200908,27656.930585791008,480140.1666171498,507797.0972029408,7257.84318299794,7257.84318299794,32.99658115598886,48.37722322,1471.4264
/home/shared/exoserver/CHARIS-cals/Nov-onsky/HD7808/cubes/data/raw/CRSA00174028_cube.fits,87.68826,45.0,109.86,948174.971862538,-768.7697607196751,474471.8708116288,473703.10105090914,5564.690853993554,5564.690853993554,33.0474766156425,48.35441394,1471.4264
/home/shared/exoserver/CHARIS-cals/Nov-onsky/HD7808/cubes/data/raw/CRSA00174029_cube.fits,87.68581,22.5,87.36,950503.9935186612,16122.61598966492,467190.68876449816,483313.3047541631,6345.14248045604,6345.14248045604,33.09841268320122,48.3317826,1471.4264
/home/shared/exoserver/CHARIS-cals/Nov-onsky/HD7808/cubes/data/raw/CRSA00174030_cube.fits,87.67176,67.5,132.36,1045854.9919116,16890.61409619765,514482.1889077012,531372.8030038988,3209.974306952812,3209.974306952812,33.14842607401472,48.30912024,1471.4264
/home/shared/exoserver/CHARIS-cals/Nov-onsky/HD7808/cubes/data/raw/CRSA00174031_cube.fits,87.6632,0.0,64.87,1053788.3750784227,29640.57310617884,512073.9009861219,541714.4740923007,3388.709542440845,3388.709542440845,33.199036852465554,48.28643084,1471.4264
/home/shared/exoserver/CHARIS-cals/Nov-onsky/HD7808/cubes/data/raw/CRSA00174032_cube.fits,87.64987,45.0,64.87,988853.4803978712,35495.33841254469,476679.0709926632,512174.4094052079,4078.638626830176,4078.638626830176,33.25081302617215,48.26325482,1471.4264
/home/shared/exoserver/CHARIS-cals/Nov-onsky/HD7808/cubes/data/raw/CRSA00174033_cube.fits,87.64011,22.5,87.37,935803.1877213072,14665.7670915724,460568.7103148674,475234.47740643984,4653.768946105578,4653.768946105578,33.29983576827308,48.2407227,1471.4264
/home/shared/exoserver/CHARIS-cals/Nov-onsky/HD7808/cubes/data/raw/CRSA00174034_cube.fits,87.62343,67.5,132.37,961527.147366598,10941.958342153928,475292.594512222,486234.5528543759,4883.232691319394,4883.232691319394,33.350345782345734,48.2177236,1471.4264
/home/shared/exoserver/CHARIS-cals/Nov-onsky/HD7808/cubes/data/raw/CRSA00174035_cube.fits,87.61308,0.0,64.88,923193.5683488606,25816.512241734832,448688.52805356286,474505.0402952977,6386.433210929818,6386.433210929818,33.40094534374232,48.19513946,1471.4264
/home/shared/exoserver/CHARIS-cals/Nov-onsky/HD7808/cubes/data/raw/CRSA00174036_cube.fits,87.59012,45.0,109.88,920418.928473144,331.35395793581847,460043.7872576041,460375.14121554,5332.608477538859,5332.608477538859,33.45110197713471,48.17205428,1471.4264
/home/shared/exoserver/CHARIS-cals/Nov-onsky/HD7808/cubes/data/raw/CRSA00174037_cube.fits,87.59009,22.5,87.38,895360.2106981345,14829.864668539083,440265.1730147977,455095.0376833368,6389.22437827803,6389.22437827803,33.50131233061927,48.14896709,1471.4264
/home/shared/exoserver/CHARIS-cals/Nov-onsky/HD7808/cubes/data/raw/CRSA00174038_cube.fits,87.58049,67.5,132.38,917042.8346192196,8547.39260548487,454247.7210068674,462795.1136123523,6393.86624392808,6393.86624392808,33.55197265272633,48.12607086,1471.4264
/home/shared/exoserver/CHARIS-cals/Nov-onsky/HD7808/cubes/data/raw/CRSA00174039_cube.fits,87.57031,0.0,64.89,919166.5101008744,19799.07593467366,449683.7170831004,469482.793017774,6495.990088967945,6495.990088967945,33.60138285217965,48.10313256,1471.4264
/home/shared/exoserver/CHARIS-cals/Nov-onsky/HD7808/cubes/data/raw/CRSA00174040_cube.fits,87.55799,45.0,109.89,904749.0342298914,4566.57687421696,450091.2286778373,454657.8055520542,6485.817456261766,6485.817456261766,33.65129837908368,48.08016628,1471.4264
/home/shared/exoserver/CHARIS-cals/Nov-onsky/HD7808/cubes/data/raw/CRSA00174041_cube.fits,87.54846,22.5,87.39,922703.9561414254,14863.410464006707,453920.27283870935,468783.68330271606,6673.080311016254,6673.080311016254,33.70252036594754,48.05694199,1471.4264
/home/shared/exoserver/CHARIS-cals/Nov-onsky/HD7808/cubes/data/raw/CRSA00174042_cube.fits,87.53051,67.5,132.39,929013.9694865844,16275.32291679416,456369.3232848951,472644.64620168926,7025.398714791443,7025.398714791443,33.75228940610634,48.03369865,1471.4264
/home/shared/exoserver/CHARIS-cals/Nov-onsky/HD7808/cubes/data/raw/CRSA00174043_cube.fits,87.51674,0.0,64.89,901179.6546046032,22508.26259027922,439335.6960071621,461843.95859744126,6930.7443039697455,6930.7443039697455,33.801386494742474,48.01063525,1471.4264
/home/shared/exoserver/CHARIS-cals/Nov-onsky/HD7808/cubes/data/raw/CRSA00174044_cube.fits,87.49738,45.0,109.9,919458.7976039376,2831.109409032972,458313.8440974523,461144.95350648527,7060.984054301712,7060.984054301712,33.85147466841914,47.98777686,1471.4264
/home/shared/exoserver/CHARIS-cals/Nov-onsky/HD7808/cubes/data/raw/CRSA00174045_cube.fits,87.49731,22.5,87.4,912104.6137168936,12298.493469837587,449903.060123528,462201.55359336553,6857.85579894559,6857.85579894559,33.901773613267785,47.96421742,1471.4264
/home/shared/exoserver/CHARIS-cals/Nov-onsky/HD7808/cubes/data/raw/CRSA00174046_cube.fits,87.47646,67.5,132.4,917521.709365905,10512.891229247674,453504.4090683287,464017.3002975764,5515.578957523287,5515.578957523287,33.95082939623401,47.941072,1471.4264
/home/shared/exoserver/CHARIS-cals/Nov-onsky/HD7808/cubes/data/raw/CRSA00174047_cube.fits,87.46617,0.0,64.9,938338.9753283486,28544.02797632228,454897.4736760132,483441.50165233546,6720.832985243373,6720.832985243373,34.0012925510459,47.91811341,1471.4264
/home/shared/exoserver/CHARIS-cals/Nov-onsky/HD7808/cubes/data/raw/CRSA00174048_cube.fits,87.45633,45.0,109.9,938503.3660412466,432.9517377773882,469035.2071517346,469468.158889512,5955.48079897837,5955.48079897837,34.049828119840925,47.89468794,1471.4264
/home/shared/exoserver/CHARIS-cals/Nov-onsky/HD7808/cubes/data/raw/CRSA00174049_cube.fits,87.44304,22.5,87.4,916573.3463746498,15379.150335145474,450597.0980197522,465976.24835489766,6715.358935314172,6715.358935314172,34.0994749083402,47.87145733,1471.4264
/home/shared/exoserver/CHARIS-cals/Nov-onsky/HD7808/cubes/data/raw/CRSA00174050_cube.fits,87.44294,67.5,132.4,932610.538164203,8473.804005486716,462068.3670793582,470542.1710848449,4909.2856571863385,4909.2856571863385,34.149800953371184,47.84795878,1471.4264
/home/shared/exoserver/CHARIS-cals/Nov-onsky/HD7808/cubes/data/raw/CRSA00174051_cube.fits,87.42831,0.0,64.91,905565.1339281832,29056.551896811347,438254.291015686,467310.84291249735,7011.695899349613,7011.695899349613,34.19842621693849,47.82467413,1471.4264
/home/shared/exoserver/CHARIS-cals/Nov-onsky/HD7808/cubes/data/raw/CRSA00174052_cube.fits,87.41985,45.0,109.91,913364.5863914546,4358.926493010076,454502.8299492223,458861.7564422324,8162.486703176495,8162.486703176495,34.24812379091065,47.80111957,1471.4264
/home/shared/exoserver/CHARIS-cals/Nov-onsky/HD7808/cubes/data/raw/CRSA00174053_cube.fits,87.40939,22.5,87.41,942149.4338811144,19435.26869035733,461357.0825953785,480792.35128573584,7222.052292368143,7222.052292368143,34.2977313349597,47.77775792,1471.4264
/home/shared/exoserver/CHARIS-cals/Nov-onsky/HD7808/cubes/data/raw/CRSA00174054_cube.fits,87.39669,67.5,132.41,902364.176193293,-34184.404908586235,468274.2905509396,434089.8856423533,8844.839214148384,8844.839214148384,34.346802944019025,47.75438024,1471.4264
/home/shared/exoserver/CHARIS-cals/Nov-onsky/HD7808/cubes/data/raw/CRSA00174055_cube.fits,87.38447,0.0,64.91,936527.822326472,24489.512969407835,456019.1546785321,480508.66764793993,8685.033698738825,8685.033698738825,34.3959957092924,47.73073357,1471.4264
/home/shared/exoserver/CHARIS-cals/Nov-onsky/HD7808/cubes/data/raw/CRSA00174056_cube.fits,87.37146,45.0,109.91,935932.8459388806,5425.033042115974,465253.9064483823,470678.9394904983,8414.388491976842,8414.388491976842,34.445336495468474,47.70729685,1471.4264
/home/shared/exoserver/CHARIS-cals/Nov-onsky/HD7808/cubes/data/raw/CRSA00174057_cube.fits,87.35944,22.5,87.41,847703.0250504497,19834.624196664605,413934.20042689255,433768.8246235572,8584.520150294575,8584.520150294575,34.494287410473646,47.68383511,1471.4264
/home/shared/exoserver/CHARIS-cals/Nov-onsky/HD7808/cubes/data/raw/CRSA00174058_cube.fits,87.34819,67.5,132.41,915531.7229277766,13300.27396817942,451115.7244797986,464415.998447978,7218.399007226266,7218.399007226266,34.54301405839903,47.66031589,1471.4264
/home/shared/exoserver/CHARIS-cals/Nov-onsky/HD7808/cubes/data/raw/CRSA00174059_cube.fits,87.3282,0.0,64.92,923043.8605921736,24759.1771951578,449142.3416985079,473901.5188936657,7000.995345121401,7000.995345121401,34.592529161081444,47.63679953,1471.4264
/home/shared/exoserver/CHARIS-cals/Nov-onsky/HD7808/cubes/data/raw/CRSA00174060_cube.fits,87.31685,45.0,109.92,901242.201722676,-38495.43750032724,469868.8196115017,431373.3821111744,8644.42601017836,8644.42601017836,34.641214611688355,47.61300627,1471.4264
/home/shared/exoserver/CHARIS-cals/Nov-onsky/HD7808/cubes/data/raw/CRSA00174061_cube.fits,87.30425,22.5,87.42,946648.9012554474,16232.327115943714,465208.2870697519,481440.6141856956,7270.346318992049,7270.346318992049,34.69007484526643,47.58942341,1471.4264
/home/shared/exoserver/CHARIS-cals/Nov-onsky/HD7808/cubes/data/raw/CRSA00174062_cube.fits,87.29458,67.5,132.42,969924.6890167115,15243.605847510742,477340.5415846004,492584.1474321112,6963.372641805472,6963.372641805472,34.73973174273374,47.56557203,1471.4264
/home/shared/exoserver/CHARIS-cals/Nov-onsky/HD7808/cubes/data/raw/CRSA00174063_cube.fits,87.27936,0.0,64.92,940212.3091465516,27947.14749798813,456132.5808242817,484079.72832226986,6135.420182568318,6135.420182568318,34.787998205519024,47.54192011,1471.4264
/home/shared/exoserver/CHARIS-cals/Nov-onsky/HD7808/cubes/data/raw/CRSA00174064_cube.fits,87.27077,45.0,109.92,911987.282865474,4625.906217508833,453680.6883239825,458306.59454149136,8009.04485953848,8009.04485953848,34.836794146100665,47.51801119,1471.4264
/home/shared/exoserver/CHARIS-cals/Nov-onsky/HD7808/cubes/data/raw/CRSA00174065_cube.fits,87.24654,22.5,87.42,920791.0763694604,19340.84158608102,450725.11739168974,470065.9589777708,6659.009315023392,6659.009315023392,34.886152109129654,47.49431723,1471.4264
/home/shared/exoserver/CHARIS-cals/Nov-onsky/HD7808/cubes/data/raw/CRSA00174066_cube.fits,87.2465,67.5,132.42,942071.872700196,19134.602977533592,461468.6348613312,480603.23783886473,5661.231784728783,5661.231784728783,34.9341071158611,47.47058526,1471.4264
/home/shared/exoserver/CHARIS-cals/Nov-onsky/HD7808/cubes/data/raw/CRSA00174067_cube.fits,87.22797,0.0,64.92,921167.730789276,29468.025621576,445849.85258385,475317.878205426,7890.11418219271,7890.11418219271,34.98250569740662,47.44681123,1471.4264
/home/shared/exoserver/CHARIS-cals/Nov-onsky/HD7808/cubes/data/raw/CRSA00174068_cube.fits,87.21223,45.0,109.92,940241.8974074314,5042.601405605557,467599.6480009129,472642.2494065185,8166.095040393728,8166.095040393728,35.031401595391976,47.42302223,1471.4264
/home/shared/exoserver/CHARIS-cals/Nov-onsky/HD7808/cubes/data/raw/CRSA00174069_cube.fits,87.21223,22.5,87.42,947472.4878026604,34734.1803031576,456369.1537497513,491103.3340529089,7512.002877859832,7512.002877859832,35.07955393885717,47.39897615,1471.4264
/home/shared/exoserver/CHARIS-cals/Nov-onsky/HD7808/cubes/data/raw/CRSA00174070_cube.fits,87.1939,67.5,132.42,924646.2504821708,9959.268622206466,457343.4909299822,467302.7595521887,6398.475017555112,6398.475017555112,35.12810669454809,47.37512652,1471.4264
/home/shared/exoserver/CHARIS-cals/Nov-onsky/HD7808/cubes/data/raw/CRSA00174071_cube.fits,87.18641,0.0,64.92,964415.8919961991,23595.470724683604,470410.2106357578,494005.68136044143,7230.463091423481,7230.463091423481,35.17725362117154,47.35101752,1471.4264
/home/shared/exoserver/CHARIS-cals/Nov-onsky/HD7808/cubes/data/raw/CRSA00174072_cube.fits,87.18175,45.0,109.92,943897.2818541124,16522.70537794789,463687.2882380823,480209.9936160301,7076.454617226319,7076.454617226319,35.22506030062017,47.32709691,1471.4264
/home/shared/exoserver/CHARIS-cals/Nov-onsky/HD7808/cubes/data/raw/CRSA00174073_cube.fits,87.16963,22.5,87.42,933860.9106231044,11970.19446129608,460945.3580809042,472915.5525422003,7014.460496909748,7014.460496909748,35.27311221004714,47.30317337,1471.4264
/home/shared/exoserver/CHARIS-cals/Nov-onsky/HD7808/cubes/data/raw/CRSA00174074_cube.fits,87.15217,67.5,132.42,913086.997028374,16564.75696836936,448261.1200300023,464825.8769983716,6823.445789077878,6823.445789077878,35.32174417125806,47.27920775,1471.4264
/home/shared/exoserver/CHARIS-cals/Nov-onsky/HD7808/cubes/data/raw/CRSA00174075_cube.fits,87.14388,0.0,64.92,930046.8040150196,23652.02605051268,453197.3889822535,476849.4150327662,7217.866983396602,7217.866983396602,35.369965091968936,47.25498213,1471.4264
/home/shared/exoserver/CHARIS-cals/Nov-onsky/HD7808/cubes/data/raw/CRSA00174076_cube.fits,87.13052,45.0,109.92,919320.7938157256,5212.913497513626,457053.9401591059,462266.8536566196,6907.6706525477775,6907.6706525477775,35.4176778347484,47.23095947,1471.4264
/home/shared/exoserver/CHARIS-cals/Nov-onsky/HD7808/cubes/data/raw/CRSA00174077_cube.fits,87.12231,22.5,87.42,957144.217092238,12745.362000468478,472199.42754588486,484944.7895463533,7590.79999467993,7590.79999467993,35.46630721346449,47.20691474,1471.4264
/home/shared/exoserver/CHARIS-cals/Nov-onsky/HD7808/cubes/data/raw/CRSA00174078_cube.fits,87.10926,67.5,132.42,931450.418236325,16620.75132806477,457414.83345413016,474035.5847821949,7097.265198272058,7097.265198272058,35.51385329059521,47.18260005,1471.4264
/home/shared/exoserver/CHARIS-cals/Nov-onsky/HD7808/cubes/data/raw/CRSA00174079_cube.fits,87.09366,0.0,64.92,942408.3860378976,22684.04776646197,459862.16913571785,482546.2169021798,7123.385312590693,7123.385312590693,35.561746527572645,47.15848629,1471.4264
/home/shared/exoserver/CHARIS-cals/Nov-onsky/HD7808/cubes/data/raw/CRSA00174080_cube.fits,87.08251,45.0,109.92,949592.8216395964,1461.4689243734465,474065.6763576114,475527.1452819849,7132.472955552673,7132.472955552673,35.61047032326072,47.13412553,1471.4264
/home/shared/exoserver/CHARIS-cals/Nov-onsky/HD7808/cubes/data/raw/CRSA00174081_cube.fits,87.06808,22.5,87.42,953796.772542948,20523.032556226244,466636.8699933608,487159.9025495871,7276.629524024068,7276.629524024068,35.65787241678083,47.10996272,1471.4264
/home/shared/exoserver/CHARIS-cals/Nov-onsky/HD7808/cubes/data/raw/CRSA00174082_cube.fits,87.05714,67.5,132.42,945124.1420377004,20725.44748575258,462199.34727597394,482924.7947617265,6508.763091773738,6508.763091773738,35.70558510094308,47.08554294,1471.4264
/home/shared/exoserver/CHARIS-cals/Nov-onsky/HD7808/cubes/data/raw/CRSA00174083_cube.fits,87.04347,0.0,64.92,955892.36935116,23795.22292458621,466048.5732132869,489843.79613787314,6964.150270198368,6964.150270198368,35.753524317323404,47.06132906,1471.4264
/home/shared/exoserver/CHARIS-cals/Nov-onsky/HD7808/cubes/data/raw/CRSA00174084_cube.fits,87.03501,45.0,109.92,948646.2001564716,-3714.341719672608,476180.270938072,472465.9292183994,5976.505008056128,5976.505008056128,35.80080821934734,47.03707715,1471.4264
/home/shared/exoserver/CHARIS-cals/Nov-onsky/HD7808/cubes/data/raw/CRSA00174085_cube.fits,87.01196,22.5,87.42,939454.1653437122,14416.934383748914,462518.6154799816,476935.54986373056,7102.36119556287,7102.36119556287,35.848699410500394,47.01279523,1471.4264
/home/shared/exoserver/CHARIS-cals/Nov-onsky/HD7808/cubes/data/raw/CRSA00174086_cube.fits,87.01189,67.5,132.42,947323.033503803,9733.422975454305,468794.8052641744,478528.2282396287,7079.435118222342,7079.435118222342,35.8969545075086,46.98825934,1471.4264
/home/shared/exoserver/CHARIS-cals/Nov-onsky/HD7808/cubes/data/raw/CRSA00174087_cube.fits,86.98986,0.0,64.92,936160.3156993669,30425.29018852295,452867.512755422,483292.8029439449,7072.256746804216,7072.256746804216,35.943856014824625,46.96392937,1471.4264
/home/shared/exoserver/CHARIS-cals/Nov-onsky/HD7808/cubes/data/raw/CRSA00174088_cube.fits,86.95852,45.0,109.92,958595.983627501,7233.462521281559,475681.2605531097,482914.72307439125,6977.675467212575,6977.675467212575,35.99123663028642,46.93956739,1471.4264
/home/shared/exoserver/CHARIS-cals/Nov-onsky/HD7808/cubes/data/raw/CRSA00174089_cube.fits,86.95835,22.5,87.42,951544.7493987264,10557.274937505426,470493.73723061057,481051.012168116,6703.246373492309,6703.246373492309,36.039624780860365,46.91495033,1471.4264
/home/shared/exoserver/CHARIS-cals/Nov-onsky/HD7808/cubes/data/raw/CRSA00174090_cube.fits,86.94692,67.5,132.42,936967.035997582,9152.59683160833,463907.2195829868,473059.8164145951,7107.262493090738,7107.262493090738,36.08605067481955,46.8905443,1471.4264
/home/shared/exoserver/CHARIS-cals/Nov-onsky/HD7808/cubes/data/raw/CRSA00174091_cube.fits,86.94689,0.0,64.92,925447.7055061678,24007.237145030813,450720.2341805685,474727.47132559936,6815.023297620884,6815.023297620884,36.13349555897221,46.86610123,1471.4264
/home/shared/exoserver/CHARIS-cals/Nov-onsky/HD7808/cubes/data/raw/CRSA00174092_cube.fits,86.93208,45.0,109.92,965189.8593836076,3873.319447772636,480658.2699679175,484531.58941569016,7436.618024403739,7436.618024403739,36.180995012507736,46.84161903,1471.4264
/home/shared/exoserver/CHARIS-cals/Nov-onsky/HD7808/cubes/data/raw/CRSA00174093_cube.fits,86.92345,22.5,87.42,960545.4472307852,14842.450466322827,472851.4983822312,487693.948848554,7517.515535647435,7517.515535647435,36.22794359410087,46.81689295,1471.4264
/home/shared/exoserver/CHARIS-cals/Nov-onsky/HD7808/cubes/data/raw/CRSA00174094_cube.fits,86.91427,67.5,132.42,961668.577507441,15122.816867585294,473272.8803199279,488395.6971875132,7299.29581819388,7299.29581819388,36.27539482266229,46.79213379,1471.4264
/home/shared/exoserver/CHARIS-cals/Nov-onsky/HD7808/cubes/data/raw/CRSA00174095_cube.fits,86.89964,0.0,64.91,966116.84714071,28691.49804223777,468712.67454923614,497404.1725914739,6959.68313526414,6959.68313526414,36.32296243197523,46.76756659,1471.4264
/home/shared/exoserver/CHARIS-cals/Nov-onsky/HD7808/cubes/data/raw/CRSA00174096_cube.fits,86.88966,45.0,109.91,967121.229502304,-306.05059885885566,483713.6400505814,483407.58945172257,7279.352843541872,7279.352843541872,36.36921054997037,46.74323943,1471.4264
/home/shared/exoserver/CHARIS-cals/Nov-onsky/HD7808/cubes/data/raw/CRSA00174097_cube.fits,86.87779,22.5,87.41,963446.0005409388,20163.644622635213,471641.1779591518,491804.822581787,6408.801954453787,6408.801954453787,36.416571880608586,46.71814454,1471.4264
/home/shared/exoserver/CHARIS-cals/Nov-onsky/HD7808/cubes/data/raw/CRSA00174098_cube.fits,86.86467,67.5,132.41,946954.6554407828,9854.870887463854,468549.8922766594,478404.7631641233,7315.42653474877,7315.42653474877,36.46425116557535,46.69351865,1471.4264
/home/shared/exoserver/CHARIS-cals/Nov-onsky/HD7808/cubes/data/raw/CRSA00174099_cube.fits,86.85076,0.0,64.91,923879.711823899,-20274.20133014128,472076.9565770201,451802.7552468788,7598.5474853055075,7598.5474853055075,36.51049146281161,46.66932469,1471.4264
/home/shared/exoserver/CHARIS-cals/Nov-onsky/HD7808/cubes/data/raw/CRSA00174100_cube.fits,86.8374,45.0,109.91,929643.5086724132,-2079.85472200223,465861.6816972077,463781.8269752055,7192.842169149341,7192.842169149341,36.55714029664198,46.64415867,1471.4264
/home/shared/exoserver/CHARIS-cals/Nov-onsky/HD7808/cubes/data/raw/CRSA00174101_cube.fits,86.8237,22.5,87.41,917546.4742635352,13438.785850243818,452053.8442066457,465492.6300568895,7094.295720599521,7094.295720599521,36.60489865091625,46.61919766,1471.4264
/home/shared/exoserver/CHARIS-cals/Nov-onsky/HD7808/cubes/data/raw/CRSA00174102_cube.fits,86.81296,67.5,132.4,939836.7558330954,10583.851102324435,464626.4523653855,475210.3034677099,7985.403119854232,7985.403119854232,36.65064141015116,46.59470163,1471.4264
/home/shared/exoserver/CHARIS-cals/Nov-onsky/HD7808/cubes/data/raw/CRSA00174103_cube.fits,86.79991,0.0,64.9,923748.2190781528,21846.82955676067,450950.69476069615,472797.5243174568,7092.547427819424,7092.547427819424,36.69758618197161,46.56969056,1471.4264
/home/shared/exoserver/CHARIS-cals/Nov-onsky/HD7808/cubes/data/raw/CRSA00174104_cube.fits,86.78404,45.0,109.9,947551.9966911974,6000.280564772605,470775.8580632124,476776.13862798497,7150.047659882519,7150.047659882519,36.74431239020864,46.54489244,1471.4264
/home/shared/exoserver/CHARIS-cals/Nov-onsky/HD7808/cubes/data/raw/CRSA00174105_cube.fits,86.77658,22.5,87.4,952988.647095742,15405.003974396212,468791.8215606728,484196.82553506905,8160.506235372079,8160.506235372079,36.79080441786029,46.51982432,1471.4264
/home/shared/exoserver/CHARIS-cals/Nov-onsky/HD7808/cubes/data/raw/CRSA00174106_cube.fits,86.76101,67.5,132.4,941688.2361349151,15766.1813720169,462961.0273814492,478727.2087534661,8076.055847011513,8076.055847011513,36.83712366928107,46.49497622,1471.4264
/home/shared/exoserver/CHARIS-cals/Nov-onsky/HD7808/cubes/data/raw/CRSA00174107_cube.fits,86.74479,0.0,64.9,920078.5832790462,19332.98011277063,450372.80158313777,469705.7816959084,8336.679345519302,8336.679345519302,36.88459238958227,46.46985003,1471.4264
/home/shared/exoserver/CHARIS-cals/Nov-onsky/HD7808/cubes/data/raw/CRSA00174108_cube.fits,86.74203,45.0,109.9,936636.0716742214,6181.855810272973,465227.1079319742,471408.9637422472,7838.611445573098,7838.611445573098,36.930153878500754,46.44517588,1471.4264
/home/shared/exoserver/CHARIS-cals/Nov-onsky/HD7808/cubes/data/raw/CRSA00174109_cube.fits,86.72512,22.5,87.4,934559.3770760708,16589.622531702684,458984.87727218407,475574.4998038868,8475.084453938147,8475.084453938147,36.97665700720682,46.42002071,1471.4264
/home/shared/exoserver/CHARIS-cals/Nov-onsky/HD7808/cubes/data/raw/CRSA00174110_cube.fits,86.71607,67.5,132.39,941526.2074783768,9392.854751319974,466066.6763635285,475459.5311148485,7978.231112779651,7978.231112779651,37.02354517673382,46.39481446,1471.4264
/home/shared/exoserver/CHARIS-cals/Nov-onsky/HD7808/cubes/data/raw/CRSA00174111_cube.fits,86.69253,0.0,64.89,956009.3820904716,28126.21828528191,463941.5819025948,492067.8001878767,7851.772087378785,7851.772087378785,37.06946079541329,46.3698262,1471.4264
/home/shared/exoserver/CHARIS-cals/Nov-onsky/HD7808/cubes/data/raw/CRSA00174112_cube.fits,86.68949,45.0,109.89,941526.9952667756,-847.9717151099467,471187.48349094274,470339.5117758328,8611.509834643062,8611.509834643062,37.11553465454088,46.34480796,1471.4264
/home/shared/exoserver/CHARIS-cals/Nov-onsky/HD7808/cubes/data/raw/CRSA00174113_cube.fits,86.67776,22.5,87.39,955691.6174078626,16187.14049905166,469752.2384544055,485939.3789534571,7584.127947754258,7584.127947754258,37.16210695484183,46.31976066,1471.4264
/home/shared/exoserver/CHARIS-cals/Nov-onsky/HD7808/cubes/data/raw/CRSA00174114_cube.fits,86.66619,67.5,132.39,966112.5980563922,17143.645168401184,474484.4764439955,491628.1216123967,7162.810297636716,7162.810297636716,37.20803447776614,46.29446233,1471.4264
/home/shared/exoserver/CHARIS-cals/Nov-onsky/HD7808/cubes/data/raw/CRSA00174115_cube.fits,86.65287,0.0,64.88,975816.5050025278,29861.88472062908,472977.3101409494,502839.19486157846,7251.440676695556,7251.440676695556,37.25381554844624,46.26935494,1471.4264
/home/shared/exoserver/CHARIS-cals/Nov-onsky/HD7808/cubes/data/raw/CRSA00174116_cube.fits,86.6391,45.0,109.88,967602.3192197644,18357.526433229097,474622.39639326767,492979.9228264968,7971.894340165372,7971.894340165372,37.30078963928992,46.24401096,1471.4264
/home/shared/exoserver/CHARIS-cals/Nov-onsky/HD7808/cubes/data/raw/CRSA00174117_cube.fits,86.62764,22.5,87.38,958106.467431593,18184.41230557184,469961.0275630106,488145.4398685824,7202.259851099765,7202.259851099765,37.34607550608407,46.21885314,1471.4264
/home/shared/exoserver/CHARIS-cals/Nov-onsky/HD7808/cubes/data/raw/CRSA00174118_cube.fits,86.61476,67.5,132.38,953974.6263130906,14727.929449792313,469623.3484316491,484351.2778814414,7691.333722530274,7691.333722530274,37.39180590490489,46.19368305,1471.4264
/home/shared/exoserver/CHARIS-cals/Nov-onsky/HD7808/cubes/data/raw/CRSA00174119_cube.fits,86.59447,0.0,64.87,948055.6756925893,28261.10729841201,459897.28419708856,488158.3914955006,8206.984832823624,8206.984832823624,37.44488857543938,46.16481654,1471.4264
/home/shared/exoserver/CHARIS-cals/Nov-onsky/HD7808/cubes/data/raw/CRSA00174120_cube.fits,86.58435,45.0,109.87,989849.1953098628,6021.156473390176,491914.01941823633,497935.1758916265,6899.153025476477,6899.153025476477,37.49002773164611,46.13957706,1471.4264
/home/shared/exoserver/CHARIS-cals/Nov-onsky/HD7808/cubes/data/raw/CRSA00174121_cube.fits,86.57479,22.5,87.37,977553.46712058,21309.600475754007,478121.93332241295,499431.53379816696,6332.088365263752,6332.088365263752,37.53631061734578,46.11431052,1471.4264
/home/shared/exoserver/CHARIS-cals/Nov-onsky/HD7808/cubes/data/raw/CRSA00174122_cube.fits,86.5624,67.5,132.37,971437.64141869,13041.89289604791,479197.8742613211,492239.767157369,7157.980675852436,7157.980675852436,37.58214426898608,46.08879695,1471.4264
/home/shared/exoserver/CHARIS-cals/Nov-onsky/HD7808/cubes/data/raw/CRSA00174123_cube.fits,86.53675,0.0,64.86,984646.0728167236,27882.23988382629,478381.9164664486,506264.15635027486,6990.408562297775,6990.408562297775,37.627252036296845,46.06348033,1471.4264
/home/shared/exoserver/CHARIS-cals/Nov-onsky/HD7808/cubes/data/raw/CRSA00174124_cube.fits,86.53662,45.0,109.86,919449.6178031306,40388.2415380365,439530.6881325471,479918.9296705836,8399.705988841835,8399.705988841835,37.67367694636321,46.03791772,1471.4264
/home/shared/exoserver/CHARIS-cals/Nov-onsky/HD7808/cubes/data/raw/CRSA00174125_cube.fits,86.51849,22.5,87.36,975686.0683806508,17758.664143379545,478963.7021186356,496722.36626201513,7166.085812758272,7166.085812758272,37.7190240482723,46.01254503,1471.4264
/home/shared/exoserver/CHARIS-cals/Nov-onsky/HD7808/cubes/data/raw/CRSA00174126_cube.fits,86.50565,67.5,132.36,967030.1507689152,9629.435910460248,478700.3574292274,488329.7933396877,7536.9227889054255,7536.9227889054255,37.76409089315993,45.98716747,1471.4264
/home/shared/exoserver/CHARIS-cals/Nov-onsky/HD7808/cubes/data/raw/CRSA00174127_cube.fits,86.49219,0.0,64.85,925953.2052677562,-20432.248966056213,473192.7271169063,452760.4781508501,8595.41532617321,8595.41532617321,37.8103033154799,45.96149885,1471.4264
/home/shared/exoserver/CHARIS-cals/Nov-onsky/HD7808/cubes/data/raw/CRSA00174128_cube.fits,86.47476,45.0,109.85,965627.454955906,7412.200594656402,479107.6271806248,486519.8277752812,7584.697743666572,7584.697743666572,37.85551202070364,45.93606311,1471.4264
/home/shared/exoserver/CHARIS-cals/Nov-onsky/HD7808/cubes/data/raw/CRSA00174129_cube.fits,86.47165,22.5,87.35,937768.5749594296,16226.608824828409,460770.98306730064,476997.591892129,6596.282587626154,6596.282587626154,37.90018535434495,45.91059038,1471.4264
/home/shared/exoserver/CHARIS-cals/Nov-onsky/HD7808/cubes/data/raw/CRSA00174130_cube.fits,86.46185,67.5,132.34,952225.8611292174,15979.348097203532,468123.25651600695,484102.6046132105,7339.549576099166,7339.549576099166,37.94639197489814,45.88486459,1471.4264
/home/shared/exoserver/CHARIS-cals/Nov-onsky/HD7808/cubes/data/raw/CRSA00174131_cube.fits,86.44697,0.0,64.84,935842.2599364446,36557.2283002364,449642.5158181041,486199.7441183405,7951.573757305499,7951.573757305499,37.99133844957312,45.85933475,1471.4264
/home/shared/exoserver/CHARIS-cals/Nov-onsky/HD7808/cubes/data/raw/CRSA00174132_cube.fits,86.43023,45.0,109.84,913586.7668644178,11623.824991605768,450981.47093640605,462605.2959280118,6249.3356192938245,6249.3356192938245,38.036283635758025,45.83356088,1471.4264
/home/shared/exoserver/CHARIS-cals/Nov-onsky/HD7808/cubes/data/raw/CRSA00174133_cube.fits,86.41932,22.5,87.34,948156.3573447326,20562.852827913885,463796.7522584094,484359.6050863233,6586.095042276661,6586.095042276661,38.0817401909642,45.80797499,1471.4264
/home/shared/exoserver/CHARIS-cals/Nov-onsky/HD7808/cubes/data/raw/CRSA00174134_cube.fits,86.40956,67.5,132.33,931014.6004995845,18992.28012114478,456011.1601892198,475003.4403103646,6435.360583551542,6435.360583551542,38.12697327630194,45.78240007,1471.4264
/home/shared/exoserver/CHARIS-cals/Nov-onsky/HD7808/cubes/data/raw/CRSA00174135_cube.fits,86.39202,0.0,64.83,936386.4886676886,26057.26112606976,455164.61377080943,481221.8748968792,4683.285800833603,4683.285800833603,38.17128141490252,45.75675911,1471.4264
/home/shared/exoserver/CHARIS-cals/Nov-onsky/HD7808/cubes/data/raw/CRSA00174136_cube.fits,86.38067,45.0,109.83,989512.8301078572,5674.587368386681,491919.1213697353,497593.708738122,5863.603712489241,5863.603712489241,38.21670671207185,45.73113419,1471.4264
/home/shared/exoserver/CHARIS-cals/Nov-onsky/HD7808/cubes/data/raw/CRSA00174137_cube.fits,86.36506,22.5,87.32,910597.1423197056,-7429.029312418716,459013.0858160621,451584.0565036434,8677.300696670858,8677.300696670858,38.261919906751935,45.70519717,1471.4264
/home/shared/exoserver/CHARIS-cals/Nov-onsky/HD7808/cubes/data/raw/CRSA00174138_cube.fits,86.35619,67.5,132.32,957888.7742227716,12522.021007581498,472683.376607595,485205.3976151765,7574.552818336921,7574.552818336921,38.306236912532064,45.67951622,1471.4264
/home/shared/exoserver/CHARIS-cals/Nov-onsky/HD7808/cubes/data/raw/CRSA00174139_cube.fits,86.34176,0.0,64.82,964524.8142118844,27608.814851888164,468457.999679998,496066.8145318862,8015.07285534644,8015.07285534644,38.35155638514283,45.6537782,1471.4264
/home/shared/exoserver/CHARIS-cals/Nov-onsky/HD7808/cubes/data/raw/CRSA00174140_cube.fits,86.32709,45.0,109.81,966714.5106555744,9168.88848514785,478772.81108521327,487941.6995703611,7933.66654499077,7933.66654499077,38.39651368263708,45.62779217,1471.4264
/home/shared/exoserver/CHARIS-cals/Nov-onsky/HD7808/cubes/data/raw/CRSA00174141_cube.fits,86.3147,22.5,87.31,927773.335534852,17884.133221208467,454944.6011568217,472828.7343780302,7362.443085257939,7362.443085257939,38.4409132269028,45.6020101,1471.4264
/home/shared/exoserver/CHARIS-cals/Nov-onsky/HD7808/cubes/data/raw/CRSA00174142_cube.fits,86.29796,67.5,132.31,962602.4106881676,14712.776989005217,473944.81684958126,488657.5938385865,7762.755448954157,7762.755448954157,38.48589593578596,45.57597099,1471.4264
/home/shared/exoserver/CHARIS-cals/Nov-onsky/HD7808/cubes/data/raw/CRSA00174143_cube.fits,86.29227,0.0,64.8,941096.6225447538,32284.466367234185,454406.0780887598,486690.544455994,8657.565213383072,8657.565213383072,38.530639434524936,45.55013787,1471.4264
/home/shared/exoserver/CHARIS-cals/Nov-onsky/HD7808/cubes/data/raw/CRSA00174144_cube.fits,86.27256,45.0,109.8,1005528.9410572088,5183.283441202948,500172.8288080029,505356.1122492058,9198.624914940969,9198.624914940969,38.57485832420843,45.52429571,1471.4264
/home/shared/exoserver/CHARIS-cals/Nov-onsky/HD7808/cubes/data/raw/CRSA00174145_cube.fits,86.25561,22.5,87.3,954316.637858756,18969.165931152645,467673.73596380174,486642.9018949544,7702.266759793454,7702.266759793454,38.619898915693526,45.49815979,1471.4264
/home/shared/exoserver/CHARIS-cals/Nov-onsky/HD7808/cubes/data/raw/CRSA00174146_cube.fits,86.24915,67.5,132.29,884685.8963211097,15990.776158185969,434347.56008146185,450338.3362396478,8525.667894206073,8525.667894206073,38.66448101417398,45.47226157,1471.4264
/home/shared/exoserver/CHARIS-cals/Nov-onsky/HD7808/cubes/data/raw/CRSA00174147_cube.fits,86.23776,0.0,64.79,961816.7270023774,34374.60575359501,463721.0606243912,498095.6663779862,7322.120263087092,7322.120263087092,38.708089822715664,45.44632732,1471.4264
/home/shared/exoserver/CHARIS-cals/Nov-onsky/HD7808/cubes/data/raw/CRSA00174148_cube.fits,86.2253,45.0,109.79,965880.030307516,2485.998419116542,481697.0159441997,484183.0143633162,7120.1678803963305,7120.1678803963305,38.75334409251212,45.42012799,1471.4264
/home/shared/exoserver/CHARIS-cals/Nov-onsky/HD7808/cubes/data/raw/CRSA00174149_cube.fits,86.20003,22.5,87.28,961138.441558745,19727.081028331828,470705.6802652066,490432.7612935384,5778.967001801363,5778.967001801363,38.79753529237508,45.39415169,1471.4264
/home/shared/exoserver/CHARIS-cals/Nov-onsky/HD7808/cubes/data/raw/CRSA00174150_cube.fits,86.19976,67.5,132.28,944561.9220264688,12182.613115148968,466189.6544556599,478372.2675708089,7643.767970273563,7643.767970273563,38.841472755276826,45.36789803,1471.4264
/home/shared/exoserver/CHARIS-cals/Nov-onsky/HD7808/cubes/data/raw/CRSA00174151_cube.fits,86.18088,0.0,64.77,949140.085226704,31505.708271848853,458817.1884774277,490322.8967492765,7352.444678640264,7352.444678640264,38.88597214954487,45.34214195,1471.4264
/home/shared/exoserver/CHARIS-cals/Nov-onsky/HD7808/cubes/data/raw/CRSA00174152_cube.fits,86.17615,45.0,109.77,926866.1295715218,5715.824281214038,460575.15264515387,466290.9769263679,7361.908879374193,7361.908879374193,38.92960957590199,45.31583052,1471.4264
/home/shared/exoserver/CHARIS-cals/Nov-onsky/HD7808/cubes/data/raw/CRSA00174153_cube.fits,86.16024,22.5,87.27,914234.9633163096,22767.39663704537,445733.7833396321,468501.1799766775,7474.771674431072,7474.771674431072,38.9740859210733,45.2895108,1471.4264
/home/shared/exoserver/CHARIS-cals/Nov-onsky/HD7808/cubes/data/raw/CRSA00174154_cube.fits,86.14826,67.5,132.26,925272.9317725936,15857.399240413795,454707.7662660899,470565.1655065037,7059.906715501881,7059.906715501881,39.018647821480165,45.26340058,1471.4264
/home/shared/exoserver/CHARIS-cals/Nov-onsky/HD7808/cubes/data/raw/CRSA00174155_cube.fits,86.13642,0.0,64.75,934710.9516637962,36611.49283044122,449049.7294166775,485661.2222471187,7891.345504781703,7891.345504781703,39.06251944293867,45.23728587,1471.4264
/home/shared/exoserver/CHARIS-cals/Nov-onsky/HD7808/cubes/data/raw/CRSA00174156_cube.fits,86.1194,45.0,109.75,878913.9186187844,2879.4586153357523,438017.2300017243,440896.6886170601,8639.909063689194,8639.909063689194,39.10607888835023,45.21111362,1471.4264
/home/shared/exoserver/CHARIS-cals/Nov-onsky/HD7808/cubes/data/raw/CRSA00174157_cube.fits,86.10891,22.5,87.25,918814.2193791664,13160.28582014161,452826.9667795124,465987.252599654,7282.207576246746,7282.207576246746,39.15067204007902,45.18469604,1471.4264
/home/shared/exoserver/CHARIS-cals/Nov-onsky/HD7808/cubes/data/raw/CRSA00174158_cube.fits,86.09255,67.5,132.24,915271.3854152508,8414.741781486431,453428.3218168822,461843.0635983686,7275.503593619017,7275.503593619017,39.19446805958184,45.15850132,1471.4264
/home/shared/exoserver/CHARIS-cals/Nov-onsky/HD7808/cubes/data/raw/CRSA00174159_cube.fits,86.07922,0.0,64.74,880286.1408757239,-11174.587972035108,445730.36442387954,434555.7764518444,8456.313881666507,8456.313881666507,39.23796241698445,45.13202293,1471.4264
/home/shared/exoserver/CHARIS-cals/Nov-onsky/HD7808/cubes/data/raw/CRSA00174160_cube.fits,86.0688,45.0,109.74,914553.8890706488,-507.222122924868,457530.5555967868,457023.3334738619,7930.744509622885,7930.744509622885,39.28242165083219,45.10603637,1471.4264
/home/shared/exoserver/CHARIS-cals/Nov-onsky/HD7808/cubes/data/raw/CRSA00174161_cube.fits,86.05755,22.5,87.23,908541.8825102592,14361.683379654598,447090.0995653024,461451.78294495697,7665.687863561775,7665.687863561775,39.32573966335634,45.07950171,1471.4264
/home/shared/exoserver/CHARIS-cals/Nov-onsky/HD7808/cubes/data/raw/CRSA00174162_cube.fits,86.03994,67.5,132.23,941658.485668844,14482.020065986144,463588.232801429,478070.2528674152,7522.222824955948,7522.222824955948,39.36898389603803,45.05321006,1471.4264
/home/shared/exoserver/CHARIS-cals/Nov-onsky/HD7808/cubes/data/raw/CRSA00174163_cube.fits,86.03062,0.0,64.72,924874.469042829,25268.103007518454,449803.1830176553,475071.2860251737,6794.317442835362,6794.317442835362,39.41353327258322,45.02661638,1471.4264
/home/shared/exoserver/CHARIS-cals/Nov-onsky/HD7808/cubes/data/raw/CRSA00174164_cube.fits,86.01771,45.0,109.72,905793.770962791,-28686.209268873383,467239.99011583225,438553.78084695886,8713.886562953841,8713.886562953841,39.45676819564242,45.00027464,1471.4264
/home/shared/exoserver/CHARIS-cals/Nov-onsky/HD7808/cubes/data/raw/CRSA00174165_cube.fits,85.99835,22.5,87.21,952771.780271314,19919.55858030124,466426.1108455064,486345.66942580766,8678.18590229672,8678.18590229672,39.50000915334604,44.97366881,1471.4264
/home/shared/exoserver/CHARIS-cals/Nov-onsky/HD7808/cubes/data/raw/CRSA00174166_cube.fits,85.9852,67.5,132.2,899671.2436243353,12871.95502553822,443399.6442993985,456271.5993249368,9383.99037241585,9383.99037241585,39.54367110035837,44.94751503,1471.4264
/home/shared/exoserver/CHARIS-cals/Nov-onsky/HD7808/cubes/data/raw/CRSA00174167_cube.fits,85.96604,0.0,64.7,919051.9929440937,-15220.183412970102,467136.0881785319,451915.90476556175,8658.667403761225,8658.667403761225,39.58708916295973,44.92083819,1471.4264
/home/shared/exoserver/CHARIS-cals/Nov-onsky/HD7808/cubes/data/raw/CRSA00174168_cube.fits,85.95772,45.0,109.7,901860.9151169078,9753.72777159413,446053.5936726568,455807.3214442509,9289.163123744813,9289.163123744813,39.63005430035003,44.89438836,1471.4264
/home/shared/exoserver/CHARIS-cals/Nov-onsky/HD7808/cubes/data/raw/CRSA00174169_cube.fits,85.94927,22.5,87.2,889302.3576579969,10010.240596381833,439646.0585308076,449656.2991271894,8983.212031563819,8983.212031563819,39.67399065194645,44.86766448,1471.4264
/home/shared/exoserver/CHARIS-cals/Nov-onsky/HD7808/cubes/data/raw/CRSA00174170_cube.fits,85.93308,67.5,132.19,885818.6242769564,15804.800208071943,435006.91203444224,450811.7122425142,8743.599229454683,8743.599229454683,39.7167284113155,44.84119228,1471.4264
/home/shared/exoserver/CHARIS-cals/Nov-onsky/HD7808/cubes/data/raw/CRSA00174171_cube.fits,85.92234,0.0,64.69,981283.8054587394,33756.73485206347,473763.535303338,507520.27015540143,7793.544807443138,7793.544807443138,39.75994432602646,44.81465337,1471.4264
/home/shared/exoserver/CHARIS-cals/Nov-onsky/HD7808/cubes/data/raw/CRSA00174172_cube.fits,85.9115,45.0,109.68,953607.957042186,10832.353109373886,471387.80196640606,482220.15507578,7726.533615363952,7726.533615363952,39.80391328862058,44.78786341,1471.4264
/home/shared/exoserver/CHARIS-cals/Nov-onsky/HD7808/cubes/data/raw/CRSA00174173_cube.fits,85.89749,22.5,87.18,888143.766990084,20311.95000391506,433915.9084930845,454227.85849699954,7231.559884550144,7231.559884550144,39.84686938618985,44.76130641,1471.4264
/home/shared/exoserver/CHARIS-cals/Nov-onsky/HD7808/cubes/data/raw/CRSA00174174_cube.fits,85.87726,67.5,132.17,922660.7801189664,19471.949034964084,451594.4155420012,471066.3645769653,7488.556952762838,7488.556952762838,39.889354119115126,44.7347194,1471.4264
/home/shared/exoserver/CHARIS-cals/Nov-onsky/HD7808/cubes/data/raw/CRSA00174175_cube.fits,85.86377,0.0,64.67,965612.3414098858,17203.579619197466,474204.3808953441,491407.9605145416,7172.531104846157,7172.531104846157,39.93289375984686,44.70810118,1471.4264
/home/shared/exoserver/CHARIS-cals/Nov-onsky/HD7808/cubes/data/raw/CRSA00174176_cube.fits,85.85013,45.0,109.66,987821.5698679364,1766.7905768580383,493027.3896455392,494794.1802223972,7113.329959161997,7113.329959161997,39.97552740381352,44.68119697,1471.4264
/home/shared/exoserver/CHARIS-cals/Nov-onsky/HD7808/cubes/data/raw/CRSA00174177_cube.fits,85.84309,22.5,87.15,962512.6552472294,24107.34000917402,469202.6576190277,493309.9976282017,7326.979597733132,7326.979597733132,40.01853172703528,44.65455076,1471.4264
/home/shared/exoserver/CHARIS-cals/Nov-onsky/HD7808/cubes/data/raw/CRSA00174178_cube.fits,85.82355,67.5,132.15,909624.4299012958,53625.62637247081,427999.4017644125,481625.02813688334,8539.230085023679,8539.230085023679,40.06177754853678,44.62761047,1471.4264
/home/shared/exoserver/CHARIS-cals/Nov-onsky/HD7808/cubes/data/raw/CRSA00174179_cube.fits,85.80036,0.0,64.64,906096.8311434336,-51259.20612973609,478678.0186365848,427418.8125068487,9355.324942052102,9355.324942052102,40.104816325152726,44.60088819,1471.4264
/home/shared/exoserver/CHARIS-cals/Nov-onsky/HD7808/cubes/data/raw/CRSA00174180_cube.fits,85.80032,45.0,109.63,963260.3986457838,2829.277002450952,480215.5608216664,483044.8378241173,8978.918704550866,8978.918704550866,40.14697309551664,44.57415782,1471.4264
/home/shared/exoserver/CHARIS-cals/Nov-onsky/HD7808/cubes/data/raw/CRSA00174181_cube.fits,85.7812,22.5,87.13,885414.4606060633,11814.75639756379,436799.85210424976,448614.6085018136,8976.235654522192,8976.235654522192,40.19014575580271,44.54741949,1471.4264
/home/shared/exoserver/CHARIS-cals/Nov-onsky/HD7808/cubes/data/raw/CRSA00174182_cube.fits,85.77744,67.5,132.12,939963.5776537234,21219.233674286283,459372.17198971857,480591.40566400485,8019.780016219409,8019.780016219409,40.23307110833112,44.5203621,1471.4264
/home/shared/exoserver/CHARIS-cals/Nov-onsky/HD7808/cubes/data/raw/CRSA00174183_cube.fits,85.75942,0.0,64.62,898596.1985359695,-11629.128135313513,455112.6633356415,443483.535200328,9081.816266544074,9081.816266544074,40.27519597643141,44.49356271,1471.4264
/home/shared/exoserver/CHARIS-cals/Nov-onsky/HD7808/cubes/data/raw/CRSA00174184_cube.fits,85.74264,45.0,109.62,947821.2379830844,3894.960922176251,471963.138530454,475858.0994526303,8871.548020181883,8871.548020181883,40.31850510096111,44.46649023,1471.4264
/home/shared/exoserver/CHARIS-cals/Nov-onsky/HD7808/cubes/data/raw/CRSA00174185_cube.fits,85.72097,22.5,87.11,931041.3887698124,13621.593255923011,458709.89775694464,472331.49101286766,8739.347704078617,8739.347704078617,40.36092619810393,44.43962479,1471.4264
/home/shared/exoserver/CHARIS-cals/Nov-onsky/HD7808/cubes/data/raw/CRSA00174186_cube.fits,85.70129,67.5,132.11,921497.9016283168,11940.33490569872,454778.783361309,466719.11826700775,8409.024199584757,8409.024199584757,40.40308030529617,44.41249924,1471.4264
/home/shared/exoserver/CHARIS-cals/Nov-onsky/HD7808/cubes/data/raw/CRSA00174187_cube.fits,85.70129,0.0,64.6,899880.7840165456,-11944.614709280664,455912.6993629132,443968.0846536325,8865.637632268801,8865.637632268801,40.44571272577118,44.38587275,1471.4264
/home/shared/exoserver/CHARIS-cals/Nov-onsky/HD7808/cubes/data/raw/CRSA00174188_cube.fits,85.68638,45.0,109.6,910919.2617304012,-39978.26878856897,475448.7652594851,435470.49647091614,9157.331165262032,9157.331165262032,40.48837273029774,44.35867916,1471.4264
/home/shared/exoserver/CHARIS-cals/Nov-onsky/HD7808/cubes/data/raw/CRSA00174189_cube.fits,85.6821,22.5,87.09,937837.9196167,10763.960146941012,463536.97973487945,474300.93988182046,8857.151364794736,8857.151364794736,40.530121635217,44.33174157,1471.4264
/home/shared/exoserver/CHARIS-cals/Nov-onsky/HD7808/cubes/data/raw/CRSA00174190_cube.fits,85.66809,67.5,132.08,905008.8012904776,13552.728638415749,445728.0363260309,459280.76496444666,7603.7150854925885,7603.7150854925885,40.57287929884916,44.30478593,1471.4264
/home/shared/exoserver/CHARIS-cals/Nov-onsky/HD7808/cubes/data/raw/CRSA00174191_cube.fits,85.65518,0.0,64.58,892104.7817993581,-16615.266470891598,454360.02413512487,437744.7576642333,8886.323163359704,8886.323163359704,40.61510176173624,44.27751217,1471.4264
/home/shared/exoserver/CHARIS-cals/Nov-onsky/HD7808/cubes/data/raw/CRSA00174192_cube.fits,85.64071,45.0,109.57,932797.8839779354,2345.048534876085,465226.41772152967,467571.46625640575,8498.338905644452,8498.338905644452,40.65688546494245,44.25051145,1471.4264
/home/shared/exoserver/CHARIS-cals/Nov-onsky/HD7808/cubes/data/raw/CRSA00174193_cube.fits,85.62442,22.5,87.07,927939.3303156132,15826.851539705938,456056.2393879536,471883.09092765953,7781.858271271125,7781.858271271125,40.6995028935881,44.22321169,1471.4264
/home/shared/exoserver/CHARIS-cals/Nov-onsky/HD7808/cubes/data/raw/CRSA00174194_cube.fits,85.61489,67.5,132.06,919162.6752514952,13937.126957190456,452612.7741471524,466549.9011043428,8398.820587215341,8398.820587215341,40.7418681185537,44.19614598,1471.4264
/home/shared/exoserver/CHARIS-cals/Nov-onsky/HD7808/cubes/data/raw/CRSA00174195_cube.fits,85.59988,0.0,64.55,848320.1800900083,21237.93752882851,413541.1212805899,434779.0588094184,7040.785937971791,7040.785937971791,40.783396744917205,44.16907415,1471.4264
/home/shared/exoserver/CHARIS-cals/Nov-onsky/HD7808/cubes/data/raw/CRSA00174196_cube.fits,85.58442,45.0,109.54,895423.0471131895,2819.1164907959173,446301.9653111968,449121.0818019927,6641.464336704661,6641.464336704661,40.82587727468251,44.14170534,1471.4264
/home/shared/exoserver/CHARIS-cals/Nov-onsky/HD7808/cubes/data/raw/CRSA00174197_cube.fits,85.57534,22.5,87.04,869786.97929186,23589.98011497344,423098.49958844326,446688.4797034167,6721.685807855899,6721.685807855899,40.86723632477867,44.1148396,1471.4264
/home/shared/exoserver/CHARIS-cals/Nov-onsky/HD7808/cubes/data/raw/CRSA00174198_cube.fits,85.55739,67.5,132.03,865028.9823618749,15554.36766502168,424737.3073484266,440291.6750134483,6635.459969712865,6635.459969712865,40.909064229369775,44.08741142,1471.4264
/home/shared/exoserver/CHARIS-cals/Nov-onsky/HD7808/cubes/data/raw/CRSA00174199_cube.fits,85.54689,0.0,64.52,865939.8215690742,25243.73822924268,420348.0416699157,445591.7798991584,7212.909278495554,7212.909278495554,40.95164781806994,44.05998223,1471.4264
/home/shared/exoserver/CHARIS-cals/Nov-onsky/HD7808/cubes/data/raw/CRSA00174200_cube.fits,85.53374,45.0,109.52,903070.015480628,1789.4147325918311,450640.300374018,452429.71510660986,6912.499064136222,6912.499064136222,40.99289708538373,44.03306195,1471.4264
/home/shared/exoserver/CHARIS-cals/Nov-onsky/HD7808/cubes/data/raw/CRSA00174201_cube.fits,85.51894,22.5,87.01,893828.2560047426,-34253.97817915969,464041.1170919512,429787.1389127914,8829.307385542896,8829.307385542896,41.03455874602781,44.00555467,1471.4264
/home/shared/exoserver/CHARIS-cals/Nov-onsky/HD7808/cubes/data/raw/CRSA00174202_cube.fits,85.5042,67.5,132.01,916943.1016103954,11607.435508594324,452667.83305090055,464275.26855949487,8204.230786435228,8204.230786435228,41.077289671316,43.97832835,1471.4264
/home/shared/exoserver/CHARIS-cals/Nov-onsky/HD7808/cubes/data/raw/CRSA00174203_cube.fits,85.48935,0.0,64.5,900158.1816957872,25789.81186296133,437184.184916413,462973.9967793743,8272.078567235108,8272.078567235108,41.11813052158556,43.95106002,1471.4264
/home/shared/exoserver/CHARIS-cals/Nov-onsky/HD7808/cubes/data/raw/CRSA00174204_cube.fits,85.47462,45.0,109.49,904241.1930077546,1895.5796356737264,451172.8066860405,453068.3863217142,8009.068065739445,8009.068065739445,41.16007479085437,43.92324364,1471.4264
/home/shared/exoserver/CHARIS-cals/Nov-onsky/HD7808/cubes/data/raw/CRSA00174205_cube.fits,85.4606,22.5,86.99,919097.7934859444,8689.836205080384,455203.978640432,463893.81484551233,8190.523173840382,8190.523173840382,41.20213339345315,43.89591721,1471.4264
/home/shared/exoserver/CHARIS-cals/Nov-onsky/HD7808/cubes/data/raw/CRSA00174206_cube.fits,85.44593,67.5,131.98,850785.235060151,16255.92865855532,417264.65320079785,433520.5818593532,8541.989270564616,8541.989270564616,41.24355743566997,43.8685978,1471.4264
/home/shared/exoserver/CHARIS-cals/Nov-onsky/HD7808/cubes/data/raw/CRSA00174207_cube.fits,85.43668,0.0,64.47,895479.4924497667,27021.625654898933,434228.9333974339,461250.5590523328,7885.528824139907,7885.528824139907,41.28452703215553,43.84123935,1471.4264
/home/shared/exoserver/CHARIS-cals/Nov-onsky/HD7808/cubes/data/raw/CRSA00174208_cube.fits,85.4218,45.0,109.47,892939.367086474,6089.8610722065205,443424.7530071337,449514.6140793402,7387.734478877162,7387.734478877162,41.326495268963455,43.81385282,1471.4264
/home/shared/exoserver/CHARIS-cals/Nov-onsky/HD7808/cubes/data/raw/CRSA00174209_cube.fits,85.40606,22.5,86.96,902021.3008228824,16252.022945262785,442884.63893880986,459136.66188407264,8100.715308296268,8100.715308296268,41.367917351768135,43.78617935,1471.4264
/home/shared/exoserver/CHARIS-cals/Nov-onsky/HD7808/cubes/data/raw/CRSA00174210_cube.fits,85.39395,67.5,131.95,858872.1864065652,10666.486449028947,424102.84997876815,434769.3364277971,7673.239922710706,7673.239922710706,41.40866644021177,43.7587728,1471.4264
/home/shared/exoserver/CHARIS-cals/Nov-onsky/HD7808/cubes/data/raw/CRSA00174211_cube.fits,85.38087,0.0,64.45,871912.2116772518,22156.627487319463,424877.79209496616,447034.4195822856,8057.747957965525,8057.747957965525,41.45027307885736,43.73132425,1471.4264
/home/shared/exoserver/CHARIS-cals/Nov-onsky/HD7808/cubes/data/raw/CRSA00174212_cube.fits,85.3683,45.0,109.44,895763.7875524992,1367.994039101235,447197.89675669896,448565.8907958002,8058.466354231971,8058.466354231971,41.49172019689111,43.70357563,1471.4264
/home/shared/exoserver/CHARIS-cals/Nov-onsky/HD7808/cubes/data/raw/CRSA00174213_cube.fits,85.34966,22.5,86.93,878863.8472022976,10979.792889963252,433942.0271561672,444921.82004613045,7867.494333159952,7867.494333159952,41.53265769592758,43.67608403,1471.4264
/home/shared/exoserver/CHARIS-cals/Nov-onsky/HD7808/cubes/data/raw/CRSA00174214_cube.fits,85.33986,67.5,131.93,882801.9888775749,5774.638663405494,438513.6751070847,444288.3137704902,6405.816478669028,6405.816478669028,41.574184006877246,43.64858431,1471.4264
/home/shared/exoserver/CHARIS-cals/Nov-onsky/HD7808/cubes/data/raw/CRSA00174215_cube.fits,85.32816,0.0,64.42,919473.1452187512,26820.66522148921,446326.23999863095,473146.90522012016,8528.675240745462,8528.675240745462,41.61470713388283,43.62077551,1471.4264
/home/shared/exoserver/CHARIS-cals/Nov-onsky/HD7808/cubes/data/raw/CRSA00174216_cube.fits,85.31162,45.0,109.41,872606.5761338645,35506.37323491182,418550.1014494763,454056.47468438814,8530.67252417946,8530.67252417946,41.65588068227115,43.59321075,1471.4264
/home/shared/exoserver/CHARIS-cals/Nov-onsky/HD7808/cubes/data/raw/CRSA00174217_cube.fits,85.29764,22.5,86.91,903066.3418303472,24777.70910175721,439144.31636429497,463922.0254660522,8250.930181439127,8250.930181439127,41.697174843010266,43.56563102,1471.4264
/home/shared/exoserver/CHARIS-cals/Nov-onsky/HD7808/cubes/data/raw/CRSA00174218_cube.fits,85.27683,67.5,131.9,894949.1820190763,12246.73471020424,441351.22365443606,453597.9583646403,8446.432936649933,8446.432936649933,41.73771153071879,43.53803924,1471.4264
/home/shared/exoserver/CHARIS-cals/Nov-onsky/HD7808/cubes/data/raw/CRSA00174219_cube.fits,85.26603,0.0,64.39,876422.1763297266,24549.15777553752,425936.5092770945,450485.667052632,7494.309331854653,7494.309331854653,41.78483963986778,43.50637422,1471.4264
/home/shared/exoserver/CHARIS-cals/Nov-onsky/HD7808/cubes/data/raw/CRSA00174220_cube.fits,85.25132,45.0,109.38,865061.4614036393,1274.3357210838583,431893.5628412777,433167.8985623616,7921.646043983223,7921.646043983223,41.8256520295384,43.47846931,1471.4264
/home/shared/exoserver/CHARIS-cals/Nov-onsky/HD7808/cubes/data/raw/CRSA00174221_cube.fits,85.2361,22.5,86.88,848948.858265704,8930.930286001414,420008.9639898513,428939.8942758527,7783.102579434812,7783.102579434812,41.86616124898567,43.45080238,1471.4264
/home/shared/exoserver/CHARIS-cals/Nov-onsky/HD7808/cubes/data/raw/CRSA00174222_cube.fits,85.20217,67.5,131.87,875441.7157461785,16210.260811937973,429615.7274671203,445825.9882790583,8149.6734505115455,8149.6734505115455,41.90758271395652,43.42284451,1471.4264
/home/shared/exoserver/CHARIS-cals/Nov-onsky/HD7808/cubes/data/raw/CRSA00174223_cube.fits,85.20213,0.0,64.36,891344.3346122191,20508.16856634646,435418.0830229363,455926.2515892828,8245.80186162747,8245.80186162747,41.947891008570615,43.39510356,1471.4264
/home/shared/exoserver/CHARIS-cals/Nov-onsky/HD7808/cubes/data/raw/CRSA00174224_cube.fits,85.18688,45.0,109.35,888998.1822602802,3468.7582099642605,442764.712025158,446233.4702351223,8052.233861873751,8052.233861873751,41.98852324132625,43.36736657,1471.4264
/home/shared/exoserver/CHARIS-cals/Nov-onsky/HD7808/cubes/data/raw/CRSA00174225_cube.fits,85.18318,22.5,86.85,894581.4650091489,9168.677739349252,442706.3936348999,451875.0713742491,6553.2270465575775,6553.2270465575775,42.02946608057788,43.33934348,1471.4264
/home/shared/exoserver/CHARIS-cals/Nov-onsky/HD7808/cubes/data/raw/CRSA00174226_cube.fits,85.17248,67.5,131.84,854314.141751957,50345.61459978728,401984.26357608486,452329.87817587215,8452.594462405294,8452.594462405294,42.069849546898446,43.31157242,1471.4264
/home/shared/exoserver/CHARIS-cals/Nov-onsky/HD7808/cubes/data/raw/CRSA00174227_cube.fits,85.15726,0.0,64.33,852806.8953338222,-21883.383083564,437345.1392086931,415461.7561251291,8281.281435710736,8281.281435710736,42.11031915779922,43.28350437,1471.4264
/home/shared/exoserver/CHARIS-cals/Nov-onsky/HD7808/cubes/data/raw/CRSA00174228_cube.fits,85.14169,45.0,109.32,904881.338688386,-1878.7696103083435,453380.0541493472,451501.2845390389,8420.816369604205,8420.816369604205,42.15100580294207,43.25565414,1471.4264
/home/shared/exoserver/CHARIS-cals/Nov-onsky/HD7808/cubes/data/raw/CRSA00174229_cube.fits,85.12868,22.5,86.82,884484.0499543807,-31780.57573617203,458132.3128452764,426351.7371091044,8225.54489391999,8225.54489391999,42.19130300490112,43.22781197,1471.4264
/home/shared/exoserver/CHARIS-cals/Nov-onsky/HD7808/cubes/data/raw/CRSA00174230_cube.fits,85.11508,67.5,131.81,877004.1960958284,-36133.84042965033,456569.01826273935,420435.177833089,8456.02777841018,8456.02777841018,42.23159322261792,43.19994487,1471.4264
/home/shared/exoserver/CHARIS-cals/Nov-onsky/HD7808/cubes/data/raw/CRSA00174231_cube.fits,85.10221,0.0,64.3,900911.209887384,17217.396347126167,441846.9067701289,459064.30311725504,7592.296725974419,7592.296725974419,42.27208615748899,43.17206868,1471.4264
/home/shared/exoserver/CHARIS-cals/Nov-onsky/HD7808/cubes/data/raw/CRSA00174232_cube.fits,85.08433,45.0,109.29,884109.0347428279,-38632.23089932732,461370.6328210776,422738.4019217503,8562.362197852482,8562.362197852482,42.312085307070255,43.14389147,1471.4264
/home/shared/exoserver/CHARIS-cals/Nov-onsky/HD7808/cubes/data/raw/CRSA00174233_cube.fits,85.07321,22.5,86.79,883282.635390171,48048.25616354623,417617.1896133124,465665.4457768586,8794.391128136596,8794.391128136596,42.35243496504604,43.11593521,1471.4264
/home/shared/exoserver/CHARIS-cals/Nov-onsky/HD7808/cubes/data/raw/CRSA00174234_cube.fits,85.05737,67.5,131.78,866986.6097212388,14623.99746772158,426181.3061267586,440805.3035944802,9088.196883630417,9088.196883630417,42.39330613548992,43.08770389,1471.4264
/home/shared/exoserver/CHARIS-cals/Nov-onsky/HD7808/cubes/data/raw/CRSA00174235_cube.fits,85.04201,0.0,64.27,901405.4393595784,18803.945682393158,441300.7468385927,460104.69252098585,8208.167306232699,8208.167306232699,42.43285313496964,43.05973157,1471.4264
/home/shared/exoserver/CHARIS-cals/Nov-onsky/HD7808/cubes/data/raw/CRSA00174236_cube.fits,85.03062,45.0,109.26,913481.2670119888,407.4961739520659,456536.88541901833,456944.3815929704,7884.409655411591,7884.409655411591,42.47307835733999,43.03146116,1471.4264
/home/shared/exoserver/CHARIS-cals/Nov-onsky/HD7808/cubes/data/raw/CRSA00174237_cube.fits,85.01543,22.5,86.75,875635.6587700483,48437.65008998173,413599.0043400333,462036.654430015,8780.080757319427,8780.080757319427,42.513649832709504,43.00344452,1471.4264
/home/shared/exoserver/CHARIS-cals/Nov-onsky/HD7808/cubes/data/raw/CRSA00174238_cube.fits,85.00204,67.5,131.74,936577.9367004676,17653.90715208731,459462.0147741901,477115.9219262774,5368.749542934891,5368.749542934891,42.55306820474781,42.975422,1471.4264
/home/shared/exoserver/CHARIS-cals/Nov-onsky/HD7808/cubes/data/raw/CRSA00174239_cube.fits,84.95758,0.0,64.24,928805.956615143,20730.037064886597,454037.95977512817,474767.9968400148,6496.174638192665,6496.174638192665,42.59311665395116,42.9473385,1471.4264
/home/shared/exoserver/CHARIS-cals/Nov-onsky/HD7808/cubes/data/raw/CRSA00174240_cube.fits,84.95758,45.0,109.23,916767.559346467,14064.844548403576,451351.3573990317,465416.2019474353,7536.479542069189,7536.479542069189,42.63312017495042,42.91925901,1471.4264
/home/shared/exoserver/CHARIS-cals/Nov-onsky/HD7808/cubes/data/raw/CRSA00174241_cube.fits,84.95136,22.5,86.72,885607.2777624135,10970.297116751432,437318.490322831,448288.78743958246,7916.890374277406,7916.890374277406,42.6729426464624,42.89087556,1471.4264
/home/shared/exoserver/CHARIS-cals/Nov-onsky/HD7808/cubes/data/raw/CRSA00174242_cube.fits,84.93324,67.5,131.71,877813.887344382,-27307.83378848288,452560.8605664325,425253.0267779496,8582.884615242398,8582.884615242398,42.71281699276483,42.86247731,1471.4264
/home/shared/exoserver/CHARIS-cals/Nov-onsky/HD7808/cubes/data/raw/CRSA00174243_cube.fits,84.92717,0.0,64.21,904596.6989338186,32996.458508228185,435800.1202127952,468796.5787210234,7024.338897837,7024.338897837,42.75297922532857,42.83460934,1471.4264
/home/shared/exoserver/CHARIS-cals/Nov-onsky/HD7808/cubes/data/raw/CRSA00174244_cube.fits,84.91288,45.0,109.2,924081.9656720662,2894.768172555312,460593.5987497554,463488.3669223107,6505.658446968512,6505.658446968512,42.792392778670894,42.80617112,1471.4264
/home/shared/exoserver/CHARIS-cals/Nov-onsky/HD7808/cubes/data/raw/CRSA00174245_cube.fits,84.90269,22.5,86.69,1007831.7957331917,6394.572970628797,500718.6113812814,507113.1843519102,2471.0268978703903,2471.0268978703903,42.83209345940011,42.77770506,1471.4264
/home/shared/exoserver/CHARIS-cals/Nov-onsky/HD7808/cubes/data/raw/CRSA00174246_cube.fits,84.88796,67.5,131.68,882735.9663982275,10578.387965671136,436078.7892162782,446657.1771819493,6405.214047640359,6405.214047640359,42.87242760753931,42.74976375,1471.4264
/home/shared/exoserver/CHARIS-cals/Nov-onsky/HD7808/cubes/data/raw/CRSA00174247_cube.fits,84.87812,0.0,64.17,879182.9566185165,22302.7270245268,428440.1147969949,450742.8418215216,6140.7746746169005,6140.7746746169005,42.91129276621351,42.72153131,1471.4264
/home/shared/exoserver/CHARIS-cals/Nov-onsky/HD7808/cubes/data/raw/CRSA00174248_cube.fits,84.85617,45.0,109.17,886330.0617468245,1573.6293662399405,442378.21619029227,443951.8455565322,6630.015275966492,6630.015275966492,42.95068182465319,42.69299862,1471.4264
/home/shared/exoserver/CHARIS-cals/Nov-onsky/HD7808/cubes/data/raw/CRSA00174249_cube.fits,84.84864,22.5,86.65,990823.2903165496,10827.205896491185,489998.0422100292,500825.24810652033,3168.6169162002598,3168.6169162002598,42.99099792007204,42.66445588,1471.4264
/home/shared/exoserver/CHARIS-cals/Nov-onsky/HD7808/cubes/data/raw/CRSA00174250_cube.fits,84.83076,67.5,131.64,884270.7599916633,14009.92908161378,435130.4154550248,449140.3445366385,6555.867967625172,6555.867967625172,43.02983560392588,42.63615693,1471.4264
/home/shared/exoserver/CHARIS-cals/Nov-onsky/HD7808/cubes/data/raw/CRSA00174251_cube.fits,84.81713,0.0,64.13,869005.5478504954,19395.8860956452,424804.8308774251,444200.7169730703,6989.986023670425,6989.986023670425,43.06895086529391,42.60785399,1471.4264
/home/shared/exoserver/CHARIS-cals/Nov-onsky/HD7808/cubes/data/raw/CRSA00174252_cube.fits,84.80204,45.0,109.12,879575.5569621059,494.41932745469967,439540.5688173256,440034.98814478033,7623.867311363942,7623.867311363942,43.10883702935175,42.57950807,1471.4264
/home/shared/exoserver/CHARIS-cals/Nov-onsky/HD7808/cubes/data/raw/CRSA00174253_cube.fits,84.79176,22.5,86.62,877063.7170957654,5506.607702533132,435778.5546966161,441285.16239914927,5513.764305239587,5513.764305239587,43.14814231459711,42.55086705,1471.4264
/home/shared/exoserver/CHARIS-cals/Nov-onsky/HD7808/cubes/data/raw/CRSA00174254_cube.fits,84.77633,67.5,131.6,875076.1496212246,12125.612831586272,431475.2683948192,443600.88122640544,7870.87849739173,7870.87849739173,43.18728299079875,42.52249399,1471.4264
/home/shared/exoserver/CHARIS-cals/Nov-onsky/HD7808/cubes/data/raw/CRSA00174255_cube.fits,84.75824,0.0,64.1,876845.518764059,28086.28142037161,424379.61867184367,452465.9000922153,6749.362592856506,6749.362592856506,43.226769474042456,42.49409498,1471.4264
/home/shared/exoserver/CHARIS-cals/Nov-onsky/HD7808/cubes/data/raw/CRSA00174256_cube.fits,84.74412,45.0,109.09,856950.8768189384,-1187.0881971951458,429068.9825080668,427881.8943108716,7652.667441380015,7652.667441380015,43.26575159497298,42.46540691,1471.4264
/home/shared/exoserver/CHARIS-cals/Nov-onsky/HD7808/cubes/data/raw/CRSA00174257_cube.fits,84.7269,22.5,86.58,831988.4146652425,6246.748430397944,412870.8331174223,419117.5815478202,5667.856332502577,5667.856332502577,43.3049466403816,42.43668656,1471.4264
/home/shared/exoserver/CHARIS-cals/Nov-onsky/HD7808/cubes/data/raw/CRSA00174258_cube.fits,84.71537,67.5,131.57,853589.8517730667,18098.22269608377,417745.8145384915,435844.03723457525,6438.481916435127,6438.481916435127,43.34394032715395,42.4085064,1471.4264
/home/shared/exoserver/CHARIS-cals/Nov-onsky/HD7808/cubes/data/raw/CRSA00174259_cube.fits,84.7017,0.0,64.06,869041.9125850336,27618.30301451008,420711.80478526175,448330.1077997718,5919.968791026454,5919.968791026454,43.38305782710143,42.38003229,1471.4264
/home/shared/exoserver/CHARIS-cals/Nov-onsky/HD7808/cubes/data/raw/CRSA00174260_cube.fits,84.69055,45.0,109.05,843372.2039975929,-4946.193292628566,424159.1986451107,419213.0053524821,6882.043746955579,6882.043746955579,43.42210997645182,42.35097836,1471.4264
/home/shared/exoserver/CHARIS-cals/Nov-onsky/HD7808/cubes/data/raw/CRSA00174261_cube.fits,84.6773,22.5,86.54,830445.5955874096,8378.056102739938,411033.7697423348,419411.8258450747,7011.892549823454,7011.892549823454,43.46316119762268,42.32298765,1471.4264
/home/shared/exoserver/CHARIS-cals/Nov-onsky/HD7808/cubes/data/raw/CRSA00174262_cube.fits,84.6648,67.5,131.53,837001.4034195417,22626.86793136032,407187.2677440906,429814.13567545096,6423.998603546535,6423.998603546535,43.4999280840688,42.29389127,1471.4264
/home/shared/exoserver/CHARIS-cals/Nov-onsky/HD7808/cubes/data/raw/CRSA00174263_cube.fits,84.64806,0.0,64.03,833418.0978908946,27787.621939785025,402815.2379755548,430602.8599153399,6323.010936433131,6323.010936433131,43.53877998212376,42.26532789,1471.4264
/home/shared/exoserver/CHARIS-cals/Nov-onsky/HD7808/cubes/data/raw/CRSA00174264_cube.fits,84.63501,45.0,109.02,851687.4507674358,2371.317952913057,424658.0664072614,427029.3843601745,6054.510331115886,6054.510331115886,43.57798914819075,42.23674154,1471.4264
/home/shared/exoserver/CHARIS-cals/Nov-onsky/HD7808/cubes/data/raw/CRSA00174265_cube.fits,84.62131,22.5,86.51,827393.6742779589,16105.81344653893,405643.93041571,421749.74386224896,6393.011519909858,6393.011519909858,43.61653608638006,42.20786316,1471.4264
/home/shared/exoserver/CHARIS-cals/Nov-onsky/HD7808/cubes/data/raw/CRSA00174266_cube.fits,84.60778,67.5,131.51,818027.9387943416,11750.488345381978,403138.7252244799,414889.2135698618,5506.776277061427,5506.776277061427,43.65497047624952,42.17924581,1471.4264
/home/shared/exoserver/CHARIS-cals/Nov-onsky/HD7808/cubes/data/raw/CRSA00174267_cube.fits,84.58361,0.0,64.0,831473.7337169952,19671.08877412672,405901.3224714343,425572.411245561,6759.6735031108055,6759.6735031108055,43.69461232730305,42.15031924,1471.4264
/home/shared/exoserver/CHARIS-cals/Nov-onsky/HD7808/cubes/data/raw/CRSA00174268_cube.fits,84.57564,45.0,108.98,806867.1482777079,557.8920537757222,403154.62811196607,403712.5201657418,5789.1420344577455,5789.1420344577455,43.73264259433218,42.12165197,1471.4264
/home/shared/exoserver/CHARIS-cals/Nov-onsky/HD7808/cubes/data/raw/CRSA00174269_cube.fits,84.56391,22.5,86.48,817488.2936542999,6732.279042387847,405378.007305956,412110.2863483439,6205.431639268546,6205.431639268546,43.77091373043383,42.09297862,1471.4264
/home/shared/exoserver/CHARIS-cals/Nov-onsky/HD7808/cubes/data/raw/CRSA00174270_cube.fits,84.53211,67.5,131.47,840137.7742170254,9573.816438758164,415281.9788891336,424855.79532789177,7630.593330377053,7630.593330377053,43.81005071008879,42.0639942,1471.4264
/home/shared/exoserver/CHARIS-cals/Nov-onsky/HD7808/cubes/data/raw/CRSA00174271_cube.fits,84.53208,0.0,63.96,819944.0065595666,17941.169325773255,401001.4186168967,418942.5879426699,6271.706424182442,6271.706424182442,43.84829882369889,42.03525179,1471.4264
/home/shared/exoserver/CHARIS-cals/Nov-onsky/HD7808/cubes/data/raw/CRSA00174272_cube.fits,84.51748,45.0,108.95,812639.7467042075,-3959.012641424837,408299.3796728162,404340.36703139136,7150.923694252987,7150.923694252987,43.886541111025686,42.00649641,1471.4264
/home/shared/exoserver/CHARIS-cals/Nov-onsky/HD7808/cubes/data/raw/CRSA00174273_cube.fits,84.50074,22.5,86.44,842355.4889344615,9935.095549316027,416210.19669257273,426145.2922418888,7368.638189429979,7368.638189429979,43.92575760115704,41.97745884,1471.4264
/home/shared/exoserver/CHARIS-cals/Nov-onsky/HD7808/cubes/data/raw/CRSA00174274_cube.fits,84.48952,67.5,131.43,875512.2634570815,19930.76798389596,427790.7477365928,447721.5157204888,7484.977149048636,7484.977149048636,43.96356209940439,41.94867729,1471.4264
/home/shared/exoserver/CHARIS-cals/Nov-onsky/HD7808/cubes/data/raw/CRSA00174275_cube.fits,84.47361,0.0,63.91,866252.4063519966,21683.004683738454,422284.70083412906,443967.7055178675,7288.985892597166,7288.985892597166,44.00181792093191,41.91986571,1471.4264
/home/shared/exoserver/CHARIS-cals/Nov-onsky/HD7808/cubes/data/raw/CRSA00174276_cube.fits,84.4626,45.0,108.91,862019.0163920721,3031.188537630602,429493.9139272208,432525.10246485134,7233.599884656804,7233.599884656804,44.04024152167418,41.8910371,1471.4264
/home/shared/exoserver/CHARIS-cals/Nov-onsky/HD7808/cubes/data/raw/CRSA00174277_cube.fits,84.44523,22.5,86.39,859000.8505668074,13468.110264269402,422766.370151269,436234.4804155384,7457.644109707142,7457.644109707142,44.07845558260471,41.86190325,1471.4264
/home/shared/exoserver/CHARIS-cals/Nov-onsky/HD7808/cubes/data/raw/CRSA00174278_cube.fits,84.42829,67.5,131.38,862002.7253315221,8439.42315531976,426781.6510881012,435221.0742434209,7736.567590675704,7736.567590675704,44.11637991570479,41.83305145,1471.4264
/home/shared/exoserver/CHARIS-cals/Nov-onsky/HD7808/cubes/data/raw/CRSA00174279_cube.fits,84.41748,0.0,63.87,855407.373681377,22240.355088680637,416583.5092963482,438823.8643850288,7678.008310472428,7678.008310472428,44.15507700228596,41.80417564,1471.4264
/home/shared/exoserver/CHARIS-cals/Nov-onsky/HD7808/cubes/data/raw/CRSA00174280_cube.fits,84.40009,45.0,108.86,838193.2138507769,-2527.220699330035,420360.2172750535,417832.99657572346,7796.944561242539,7796.944561242539,44.19292886187191,41.77499373,1471.4264
/home/shared/exoserver/CHARIS-cals/Nov-onsky/HD7808/cubes/data/raw/CRSA00174281_cube.fits,84.38631,22.5,86.35,837563.2835074677,7209.845912087534,415176.7187976901,422386.56470977765,7521.292877717375,7521.292877717375,44.23092785554893,41.74605461,1471.4264
/home/shared/exoserver/CHARIS-cals/Nov-onsky/HD7808/cubes/data/raw/CRSA00174282_cube.fits,84.37182,67.5,131.34,830006.3978378674,10029.746079075963,409988.3258793957,420018.0719584717,7387.379963027054,7387.379963027054,44.26965389700469,41.7168336,1471.4264
/home/shared/exoserver/CHARIS-cals/Nov-onsky/HD7808/cubes/data/raw/CRSA00174283_cube.fits,84.35956,0.0,63.83,838382.7980768939,19049.76246636989,409666.517805262,428716.2802716319,7594.079667983367,7594.079667983367,44.30709980702501,41.68786261,1471.4264
/home/shared/exoserver/CHARIS-cals/Nov-onsky/HD7808/cubes/data/raw/CRSA00174284_cube.fits,84.34082,45.0,108.82,861099.8744013181,8575.955773044378,426261.9593141369,434837.91508718126,7188.762620890852,7188.762620890852,44.344897757300686,41.65888456,1471.4264
/home/shared/exoserver/CHARIS-cals/Nov-onsky/HD7808/cubes/data/raw/CRSA00174285_cube.fits,84.32888,22.5,86.31,843799.450276453,10186.95000879321,416806.2501338299,426993.2001426231,7794.95215460603,7794.95215460603,44.38298972559828,41.62988751,1471.4264
/home/shared/exoserver/CHARIS-cals/Nov-onsky/HD7808/cubes/data/raw/CRSA00174286_cube.fits,84.31396,67.5,131.3,870551.8946915474,13228.07071230543,428661.91198962094,441889.9827019264,8040.856954929477,8040.856954929477,44.42086179623693,41.60057743,1471.4264
/home/shared/exoserver/CHARIS-cals/Nov-onsky/HD7808/cubes/data/raw/CRSA00174287_cube.fits,84.30195,0.0,63.79,835064.2552859457,20476.481389897875,407293.8869480239,427770.3683379218,7374.711225628163,7374.711225628163,44.45826915108638,41.57153726,1471.4264
/home/shared/exoserver/CHARIS-cals/Nov-onsky/HD7808/cubes/data/raw/CRSA00174288_cube.fits,84.28694,45.0,108.78,842783.5688528253,3202.402925094997,419790.5829638652,422992.9858889602,6705.40192099461,6705.40192099461,44.49624915759265,41.54246602,1471.4264
/home/shared/exoserver/CHARIS-cals/Nov-onsky/HD7808/cubes/data/raw/CRSA00174289_cube.fits,84.27265,22.5,86.27,834746.5223881535,7678.118396715552,413534.2019957189,421212.3203924345,7320.357372531178,7320.357372531178,44.53433623034686,41.51310076,1471.4264
/home/shared/exoserver/CHARIS-cals/Nov-onsky/HD7808/cubes/data/raw/CRSA00174290_cube.fits,84.25736,67.5,131.26,829695.6389252201,12071.9345235785,408811.8522008208,420883.7867243993,7686.470298954674,7686.470298954674,44.57140923474408,41.48399554,1471.4264
/home/shared/exoserver/CHARIS-cals/Nov-onsky/HD7808/cubes/data/raw/CRSA00174291_cube.fits,84.23916,0.0,63.75,841646.4028810005,16166.833703412907,412739.7845887938,428906.6182922067,7701.737301053263,7701.737301053263,44.60957499474095,41.45486331,1471.4264
/home/shared/exoserver/CHARIS-cals/Nov-onsky/HD7808/cubes/data/raw/CRSA00174292_cube.fits,84.22657,45.0,108.74,848355.668775537,2294.355620657676,423030.6565774397,425325.01219809736,6694.50020727064,6694.50020727064,44.64701331620041,41.42544113,1471.4264
/home/shared/exoserver/CHARIS-cals/Nov-onsky/HD7808/cubes/data/raw/CRSA00174293_cube.fits,84.20313,22.5,86.23,841268.2035332366,8944.361799176782,416161.9208670299,425106.2826662067,6189.474561724141,6189.474561724141,44.68450865026666,41.39627985,1471.4264
/home/shared/exoserver/CHARIS-cals/Nov-onsky/HD7808/cubes/data/raw/CRSA00174294_cube.fits,84.19239,67.5,131.22,853014.9631690222,13151.63723373675,419931.6629676428,433083.3002013795,7533.191432049002,7533.191432049002,44.7223322727214,41.36709942,1471.4264
/home/shared/exoserver/CHARIS-cals/Nov-onsky/HD7808/cubes/data/raw/CRSA00174295_cube.fits,84.18483,0.0,63.71,849764.9133137518,29143.027188344397,410310.9430627037,439453.9702510481,6941.783851471972,6941.783851471972,44.759515446651946,41.33761807,1471.4264
/home/shared/exoserver/CHARIS-cals/Nov-onsky/HD7808/cubes/data/raw/CRSA00174296_cube.fits,84.16692,45.0,108.7,817653.3546271517,-4195.370846853417,410924.3627370026,406728.9918901492,6656.1894379264895,6656.1894379264895,44.79666126883075,41.30839068,1471.4264
/home/shared/exoserver/CHARIS-cals/Nov-onsky/HD7808/cubes/data/raw/CRSA00174297_cube.fits,84.15532,22.5,86.19,798404.7271603947,7756.006880655361,395324.3601398697,403080.367020525,6916.258177430019,6916.258177430019,44.834469923945264,41.27915625,1471.4264
/home/shared/exoserver/CHARIS-cals/Nov-onsky/HD7808/cubes/data/raw/CRSA00174298_cube.fits,84.14476,67.5,131.18,793241.2536223275,9178.1286853372,392031.5624684951,401209.6911538323,6049.651911478906,6049.651911478906,44.87169246360757,41.24961173,1471.4264
/home/shared/exoserver/CHARIS-cals/Nov-onsky/HD7808/cubes/data/raw/CRSA00174299_cube.fits,84.12881,0.0,63.67,795694.1669282676,21374.03594212845,387160.0654930696,408534.1014351981,6863.240231762336,6863.240231762336,44.90852916965346,41.22033922,1471.4264
/home/shared/exoserver/CHARIS-cals/Nov-onsky/HD7808/cubes/data/raw/CRSA00174300_cube.fits,84.11366,45.0,108.66,791985.7694339508,-2226.089007450384,397105.9292207006,394879.8402132502,6043.181584713167,6043.181584713167,44.94636670431075,41.19075659,1471.4264
/home/shared/exoserver/CHARIS-cals/Nov-onsky/HD7808/cubes/data/raw/CRSA00174301_cube.fits,84.09702,22.5,86.15,778933.2414411437,6849.167202858254,386042.0371191427,392891.20432200097,5722.005159371139,5722.005159371139,44.98321795380512,41.16173182,1471.4264
/home/shared/exoserver/CHARIS-cals/Nov-onsky/HD7808/cubes/data/raw/CRSA00174302_cube.fits,84.08149,67.5,131.14,771071.1682829147,9417.300864906982,380826.9337090039,390244.2345739108,5937.477795365189,5937.477795365189,45.02044658987142,41.13211078,1471.4264
/home/shared/exoserver/CHARIS-cals/Nov-onsky/HD7808/cubes/data/raw/CRSA00174303_cube.fits,84.06834,0.0,63.63,778539.7519924089,11414.633154080077,383562.5594191644,394977.1925732445,7107.243383046737,7107.243383046737,45.0578280991487,41.10276078,1471.4264
/home/shared/exoserver/CHARIS-cals/Nov-onsky/HD7808/cubes/data/raw/CRSA00174304_cube.fits,84.05329,45.0,108.62,811269.4443882613,1344.2611668814789,404962.59161068994,406306.8527775714,7505.112624112192,7505.112624112192,45.09464813954492,41.0733918,1471.4264
/home/shared/exoserver/CHARIS-cals/Nov-onsky/HD7808/cubes/data/raw/CRSA00174305_cube.fits,84.04086,22.5,86.11,773735.0256237381,6018.867314193631,383858.0791547722,389876.94646896585,6860.072289720585,6860.072289720585,45.13134099310845,41.04370963,1471.4264
/home/shared/exoserver/CHARIS-cals/Nov-onsky/HD7808/cubes/data/raw/CRSA00174306_cube.fits,84.02488,67.5,131.09,781553.6200729333,11168.449618919753,385192.5852270068,396361.0348459265,7087.999768953628,7087.999768953628,45.16928059700387,41.01429855,1471.4264
/home/shared/exoserver/CHARIS-cals/Nov-onsky/HD7808/cubes/data/raw/CRSA00174307_cube.fits,84.00659,0.0,63.58,793517.0120462112,18834.54465230083,387341.2336969552,406175.778349256,7243.095889890388,7243.095889890388,45.205584198094336,40.98459929,1471.4264
/home/shared/exoserver/CHARIS-cals/Nov-onsky/HD7808/cubes/data/raw/CRSA00174308_cube.fits,83.99178,45.0,108.57,752022.4280608641,-1158.1790146508138,376590.3035377574,375432.1245231066,6607.019404776661,6607.019404776661,45.24215591887787,40.95515008,1471.4264
/home/shared/exoserver/CHARIS-cals/Nov-onsky/HD7808/cubes/data/raw/CRSA00174309_cube.fits,83.96982,22.5,86.06,749469.4841595904,4306.420051876514,372581.532053857,376887.9521057335,6744.067427780392,6744.067427780392,45.27980578042354,40.92539781,1471.4264
/home/shared/exoserver/CHARIS-cals/Nov-onsky/HD7808/cubes/data/raw/CRSA00174310_cube.fits,83.96051,67.5,131.05,760841.7257662893,20657.340167521208,370092.192799384,390749.5329669052,6301.980914285083,6301.980914285083,45.31618249876201,40.8959223,1471.4264
/home/shared/exoserver/CHARIS-cals/Nov-onsky/HD7808/cubes/data/raw/CRSA00174311_cube.fits,83.95167,0.0,63.54,664610.9547769645,14799.992143634125,324905.4813166652,339705.4734602993,5830.134251412993,5830.134251412993,45.3525889664703,40.86642294,1471.4264
/home/shared/exoserver/CHARIS-cals/Nov-onsky/HD7808/cubes/data/raw/CRSA00174312_cube.fits,83.9302,45.0,108.53,672044.8941602168,43.52401845587883,336000.68507088046,336044.20908933633,5853.499096271111,5853.499096271111,45.39030207990049,40.83660952,1471.4264
/home/shared/exoserver/CHARIS-cals/Nov-onsky/HD7808/cubes/data/raw/CRSA00174313_cube.fits,83.92046,22.5,86.02,745544.1772530575,11372.823263085857,367085.6769949858,378458.5002580717,5597.69566900505,5597.69566900505,45.42655974391513,40.80707697,1471.4264
/home/shared/exoserver/CHARIS-cals/Nov-onsky/HD7808/cubes/data/raw/CRSA00174314_cube.fits,83.90897,67.5,131.01,743138.2649655453,10949.229371571098,366094.5177969871,377043.7471685582,6362.278017060758,6362.278017060758,45.46259627142354,40.77779843,1471.4264
/home/shared/exoserver/CHARIS-cals/Nov-onsky/HD7808/cubes/data/raw/CRSA00174315_cube.fits,83.88664,0.0,63.5,725949.5299553756,23363.2274111968,351293.1512720894,374656.3786832862,5823.362213057187,5823.362213057187,45.49981526404199,40.74794179,1471.4264
/home/shared/exoserver/CHARIS-cals/Nov-onsky/HD7808/cubes/data/raw/CRSA00174316_cube.fits,83.87897,45.0,108.48,753347.0840391037,1055.733474973007,376145.67528206535,377201.4087570384,6220.271689430315,6220.271689430315,45.53601818232634,40.71833522,1471.4264
/home/shared/exoserver/CHARIS-cals/Nov-onsky/HD7808/cubes/data/raw/CRSA00174317_cube.fits,83.86444,22.5,85.97,721541.4837835592,14311.401847245055,353615.04096815706,367926.4428154021,5550.848643611126,5550.848643611126,45.57245508607305,40.68842758,1471.4264
/home/shared/exoserver/CHARIS-cals/Nov-onsky/HD7808/cubes/data/raw/CRSA00174318_cube.fits,83.84594,67.5,130.96,618560.344052199,8755.703561736795,304902.3202452311,313658.0238069679,4151.2296138278925,4151.2296138278925,45.60886873424392,40.65879308,1471.4264
/home/shared/exoserver/CHARIS-cals/Nov-onsky/HD7808/cubes/data/raw/CRSA00174319_cube.fits,83.8157,0.0,63.45,552986.5926338031,12380.15178978024,270303.22042201145,282683.3722117917,3462.464602445478,3462.464602445478,45.65039448204756,40.62481741,1471.4264
/home/shared/exoserver/CHARIS-cals/Nov-onsky/HD7808/cubes/data/raw/CRSA00174320_cube.fits,83.81564,45.0,108.43,640351.6749079829,3285.770977780572,318532.9519651012,321818.7229428817,1924.8839385021909,1924.8839385021909,45.68714138264463,40.59514046,1471.4264
/home/shared/exoserver/CHARIS-cals/Nov-onsky/HD7808/cubes/data/raw/CRSA00174321_cube.fits,83.80317,22.5,85.92,692031.7316190938,9294.338198058598,341368.6967105176,350663.03490857617,2054.5643219024487,2054.5643219024487,45.72330773679032,40.56517641,1471.4264
/home/shared/exoserver/CHARIS-cals/Nov-onsky/HD7808/cubes/data/raw/CRSA00174322_cube.fits,83.78443,67.5,130.92,737548.0384925363,13947.934262420982,361800.05211505765,375747.9863774786,1974.7039586085743,1974.7039586085743,45.75951334484427,40.5354713,1471.4264
/home/shared/exoserver/CHARIS-cals/Nov-onsky/HD7808/cubes/data/raw/CRSA00174323_cube.fits,83.75633,0.0,63.4,813358.7099395117,19356.537546273557,397001.0861966191,416357.62374289264,2102.039975539619,2102.039975539619,45.796508720549255,40.50545412,1471.4264
/home/shared/exoserver/CHARIS-cals/Nov-onsky/HD7808/cubes/data/raw/CRSA00174324_cube.fits,83.73728,45.0,108.39,688618.265443197,700.263209422701,343959.00111688714,344659.26432630984,1657.2109979539514,1657.2109979539514,45.83193057274447,40.47570895,1471.4264
/home/shared/exoserver/CHARIS-cals/Nov-onsky/HD7808/cubes/data/raw/CRSA00174325_cube.fits,83.73721,22.5,85.88,585972.5671320225,5302.738930413849,290334.9141008043,295637.65303121816,1467.995116254403,1467.995116254403,45.86799946684882,40.44593477,1471.4264
/home/shared/exoserver/CHARIS-cals/Nov-onsky/HD7808/cubes/data/raw/CRSA00174326_cube.fits,83.72113,67.5,130.87,460440.899966167,3557.8545788385672,228441.5226936642,231999.3772725028,1136.403129189953,1136.403129189953,45.90502553563048,40.41586457,1471.4264
/home/shared/exoserver/CHARIS-cals/Nov-onsky/HD7808/cubes/data/raw/CRSA00174327_cube.fits,83.70414,0.0,63.36,591367.1769449236,16691.820577231934,287337.6781838458,304029.49876107776,1319.4871092795197,1319.4871092795197,45.940105230906106,40.38606537,1471.4264
/home/shared/exoserver/CHARIS-cals/Nov-onsky/HD7808/cubes/data/raw/CRSA00174328_cube.fits,83.69351,45.0,108.35,525920.7577685328,3845.4446197667567,261037.65657438303,264883.1011941498,1442.05914158387,1442.05914158387,45.976392075220886,40.3559471,1471.4264
/home/shared/exoserver/CHARIS-cals/Nov-onsky/HD7808/cubes/data/raw/CRSA00174329_cube.fits,83.68064,22.5,85.83,316471.99618331547,2432.0193054090487,157019.9884389532,159452.00774436226,832.2544626365506,832.2544626365506,46.012553790688216,40.32610589,1471.4264
/home/shared/exoserver/CHARIS-cals/Nov-onsky/HD7808/cubes/data/raw/CRSA00174330_cube.fits,83.66393,67.5,130.82,244928.74885626533,2115.9947940442944,121406.37703111052,123522.3718251548,723.3006665232413,723.3006665232413,46.0481449373077,40.29624859,1471.4264
/home/shared/exoserver/CHARIS-cals/Nov-onsky/HD7808/cubes/data/raw/CRSA00174331_cube.fits,83.65261,0.0,63.3,245763.1247082647,6159.999084557901,119801.5628118534,125961.5618964113,604.4992139459519,604.4992139459519,46.08416383665919,40.2663718,1471.4264
/home/shared/exoserver/CHARIS-cals/Nov-onsky/HD7808/cubes/data/raw/CRSA00174332_cube.fits,83.63694,45.0,108.29,305448.07766657847,966.1838432670048,152240.94691165574,153207.13075492275,1730.0821385248391,1730.0821385248391,46.12093660420448,40.2362034,1471.4264
/home/shared/exoserver/CHARIS-cals/Nov-onsky/HD7808/cubes/data/raw/CRSA00174333_cube.fits,83.62165,22.5,85.77,343944.04648722423,3092.1466328273527,170425.94992719844,173518.0965600258,934.31830314303,934.31830314303,46.15591699685312,40.20658015,1471.4264
/home/shared/exoserver/CHARIS-cals/Nov-onsky/HD7808/cubes/data/raw/CRSA00174334_cube.fits,83.60856,67.5,130.76,237316.24707298336,2602.076539065427,117357.08526695897,119959.1618060244,1171.9307826388597,1171.9307826388597,46.19142855071878,40.17635468,1471.4264
/home/shared/exoserver/CHARIS-cals/Nov-onsky/HD7808/cubes/data/raw/CRSA00174335_cube.fits,83.59203,0.0,63.25,153193.87243703264,2597.9154643549264,75297.97848633886,77895.89395069379,543.5707310290835,543.5707310290835,46.22792830984965,40.14613121,1471.4264
/home/shared/exoserver/CHARIS-cals/Nov-onsky/HD7808/cubes/data/raw/CRSA00174336_cube.fits,83.56959,45.0,108.24,184461.45067883717,-1296.635234336325,92879.04295658672,91582.4077222504,1074.861784750504,1074.861784750504,46.26893736909842,40.11179373,1471.4264
/home/shared/exoserver/CHARIS-cals/Nov-onsky/HD7808/cubes/data/raw/CRSA00174337_cube.fits,83.56027,22.5,85.73,163282.61858240707,1729.3222919904365,80776.64814520831,82505.97043719875,960.2700182562268,960.2700182562268,46.30393682324148,40.08210333,1471.4264
/home/shared/exoserver/CHARIS-cals/Nov-onsky/HD7808/cubes/data/raw/CRSA00174338_cube.fits,83.54516,67.5,85.71,181217.42592978408,2003.577012009497,89606.92445888728,91610.50147089678,459.61161946206096,459.61161946206096,46.33954092262177,40.05151672,1471.4264
/home/shared/exoserver/CHARIS-cals/Nov-onsky/HD7808/cubes/data/raw/CRSA00174339_cube.fits,83.528,0.0,63.21,177845.65872969583,-1412.2553578158113,89628.95704375583,88216.70168594002,433.1095060872102,433.1095060872102,46.37571167321611,40.02150217,1471.4264
/home/shared/exoserver/CHARIS-cals/Nov-onsky/HD7808/cubes/data/raw/CRSA00174340_cube.fits,83.51616,45.0,108.2,198093.9398524149,53.86915912028053,99020.03534664727,99073.90450576755,305.24653163974017,305.24653163974017,46.41082826312162,39.99147461,1471.4264
/home/shared/exoserver/CHARIS-cals/Nov-onsky/HD7808/cubes/data/raw/CRSA00174341_cube.fits,83.49303,22.5,85.68,198098.2611296833,-39.71405276484438,99068.98759122408,99029.27353845924,294.85772861488675,294.85772861488675,46.44609678269042,39.96142001,1471.4264
/home/shared/exoserver/CHARIS-cals/Nov-onsky/HD7808/cubes/data/raw/CRSA00174342_cube.fits,83.46825,67.5,130.68,161097.72829419054,5959.184197363778,77569.27204841339,83528.45624577717,235.6301088044029,235.6301088044029,46.48211364113967,39.93104932,1471.4264
/home/shared/exoserver/CHARIS-cals/Nov-onsky/HD7808/cubes/data/raw/CRSA00174343_cube.fits,83.45672,0.0,63.17,177399.95865185786,4577.50252273785,86411.22806456,90988.73058729785,288.8651331057862,288.8651331057862,46.51673419097917,39.90125876,1471.4264
/home/shared/exoserver/CHARIS-cals/Nov-onsky/HD7808/cubes/data/raw/CRSA00174344_cube.fits,83.44488,45.0,108.14,160099.4181833571,-2411.984129804041,81255.70115658059,78843.71702677655,257.5208570935403,257.5208570935403,46.552180416048415,39.87083601,1471.4264
/home/shared/exoserver/CHARIS-cals/Nov-onsky/HD7808/cubes/data/raw/CRSA00174345_cube.fits,83.43553,22.5,85.63,154495.78963687678,1164.3066953517991,76665.74147076248,77830.04816611428,234.58275964020208,234.58275964020208,46.58773824598814,39.840707,1471.4264
/home/shared/exoserver/CHARIS-cals/Nov-onsky/HD7808/cubes/data/raw/CRSA00174346_cube.fits,83.42334,67.5,130.62,181863.0506938989,1431.7858322698155,90215.63243081454,91647.41826308436,312.10948692665903,312.10948692665903,46.62345193801117,39.81027167,1471.4264
/home/shared/exoserver/CHARIS-cals/Nov-onsky/HD7808/cubes/data/raw/CRSA00174347_cube.fits,83.40798,0.0,63.1,196712.9603274305,4253.195303625282,96229.88251190264,100483.07781552793,315.2095097894768,315.2095097894768,46.65788743256557,39.78011138,1471.4264
/home/shared/exoserver/CHARIS-cals/Nov-onsky/HD7808/cubes/data/raw/CRSA00174348_cube.fits,83.39124,45.0,108.09,180029.74020335823,-2072.8342948939826,91051.28724912612,88978.45295423213,277.9542408552026,277.9542408552026,46.69849237171305,39.74524184,1471.4264
/home/shared/exoserver/CHARIS-cals/Nov-onsky/HD7808/cubes/data/raw/CRSA00174349_cube.fits,83.37609,22.5,85.58,113838.5147490016,734.5920080529977,56551.961370474295,57286.55337852729,272.05112199922945,272.05112199922945,46.733482852519934,39.71504547,1471.4264
/home/shared/exoserver/CHARIS-cals/Nov-onsky/HD7808/cubes/data/raw/CRSA00174350_cube.fits,83.36604,67.5,130.57,90273.09720085484,3145.1230711061944,43563.98706487432,46709.11013598052,119.19869641079816,119.19869641079816,46.76896036460595,39.68483113,1471.4264
/home/shared/exoserver/CHARIS-cals/Nov-onsky/HD7808/cubes/data/raw/CRSA00174351_cube.fits,83.3503,0.0,63.05,85698.4329664283,6346.825154744351,39675.80390584197,46022.629060586325,70.45462712545577,70.45462712545577,46.803796341344245,39.65459673,1471.4264
/home/shared/exoserver/CHARIS-cals/Nov-onsky/HD7808/cubes/data/raw/CRSA00174352_cube.fits,83.33774,45.0,108.04,77242.60949802236,1997.6815569822795,37622.46397052004,39620.14552750232,38.02621127612694,38.02621127612694,46.83870798154791,39.62406706,1471.4264
/home/shared/exoserver/CHARIS-cals/Nov-onsky/HD7808/cubes/data/raw/CRSA00174353_cube.fits,83.31682,22.5,85.53,81253.49468133361,337.02453760945355,40458.23507186208,40795.25960947153,70.64011449379207,70.64011449379207,46.87425240485104,39.59381105,1471.4264
/home/shared/exoserver/CHARIS-cals/Nov-onsky/HD7808/cubes/data/raw/CRSA00174354_cube.fits,83.29801,67.5,130.52,90272.53285547512,1995.0783164443128,44138.72726951541,46133.80558595972,91.34903176400184,91.34903176400184,46.90877872339316,39.56350657,1471.4264
/home/shared/exoserver/CHARIS-cals/Nov-onsky/HD7808/cubes/data/raw/CRSA00174356_cube.fits,83.2656,45.0,107.99,78561.44838122741,-3217.533617212968,40889.490999220194,37671.957382007226,30.67264626081331,30.67264626081331,46.98339532230406,39.49818914,1471.4264
/home/shared/exoserver/CHARIS-cals/Nov-onsky/HD7808/cubes/data/raw/CRSA00174357_cube.fits,83.25,22.5,85.48,65118.38345946809,11993.150875504718,26562.616291981685,38555.7671674864,48.39454033053296,48.39454033053296,47.01852846918327,39.4678425,1471.4264
/home/shared/exoserver/CHARIS-cals/Nov-onsky/HD7808/cubes/data/raw/CRSA00174359_cube.fits,83.20526,0.0,62.95,77789.34364898474,3684.235888547344,37052.5538802187,40736.78976876605,30.564774799478624,30.564774799478624,47.08753960263659,39.40709042,1471.4264
/home/shared/exoserver/CHARIS-cals/Nov-onsky/HD7808/cubes/data/raw/CRSA00174360_cube.fits,83.20519,45.0,107.94,90246.43329164524,-1933.142242744383,46089.78776719481,44156.645524450425,103.28682911730432,103.28682911730432,47.12224712978824,39.37640832,1471.4264
/home/shared/exoserver/CHARIS-cals/Nov-onsky/HD7808/cubes/data/raw/CRSA00174361_cube.fits,83.19114,22.5,85.43,88581.90021438315,-3350.8028639780605,45966.35153918061,42615.54867520255,92.77302427999597,92.77302427999597,47.15734665660329,39.346008,1471.4264
/home/shared/exoserver/CHARIS-cals/Nov-onsky/HD7808/cubes/data/raw/CRSA00174362_cube.fits,83.18096,67.5,130.41,73181.25805247802,7184.988453684746,32998.13479939664,40183.12325308139,45.53263480939222,45.53263480939222,47.19150242123023,39.31557922,1471.4264
/home/shared/exoserver/CHARIS-cals/Nov-onsky/HD7808/cubes/data/raw/CRSA00174363_cube.fits,83.16022,0.0,62.9,74469.08296896727,4038.203296591229,35215.43983618802,39253.64313277925,73.26562500264697,73.26562500264697,47.22616351463441,39.28485134,1471.4264
/home/shared/exoserver/CHARIS-cals/Nov-onsky/HD7808/cubes/data/raw/CRSA00174364_cube.fits,83.14755,45.0,107.89,65764.66299007664,1574.6804984518458,32094.9912458124,33669.67174426425,62.946222973536486,62.946222973536486,47.261262162995095,39.2541054,1471.4264
/home/shared/exoserver/CHARIS-cals/Nov-onsky/HD7808/cubes/data/raw/CRSA00174365_cube.fits,83.13416,22.5,85.37,71231.81000517773,-3717.491976472258,37474.650990824994,33757.159014352736,30.78293992560143,30.78293992560143,47.29522261680405,39.22359862,1471.4264
/home/shared/exoserver/CHARIS-cals/Nov-onsky/HD7808/cubes/data/raw/CRSA00174366_cube.fits,83.11203,67.5,130.36,69657.45269518672,-687.4064121330739,35172.429553659895,34485.02314152682,78.5864840638282,78.5864840638282,47.33962778246182,39.18422318,1471.4264
/home/shared/exoserver/CHARIS-cals/Nov-onsky/HD7808/cubes/data/raw/CRSA00174367_cube.fits,83.09108,0.0,62.85,90700.35152962527,-997.0833861618012,45848.717457893545,44851.63407173174,108.87753388621334,108.87753388621334,47.374258747685055,39.15372633,1471.4264
/home/shared/exoserver/CHARIS-cals/Nov-onsky/HD7808/cubes/data/raw/CRSA00174368_cube.fits,83.08076,45.0,107.82,87592.04086575819,-410.3174319521204,44001.17914885515,43590.86171690303,107.05423331062092,107.05423331062092,47.40821028545111,39.12320243,1471.4264
/home/shared/exoserver/CHARIS-cals/Nov-onsky/HD7808/cubes/data/raw/CRSA00174369_cube.fits,83.0617,22.5,85.32,74724.51830589629,1052.542771294182,36835.987767301056,37888.53053859524,75.59075199027235,75.59075199027235,47.44320889508864,39.09235337,1471.4264
/home/shared/exoserver/CHARIS-cals/Nov-onsky/HD7808/cubes/data/raw/CRSA00174370_cube.fits,83.05249,67.5,130.31,147826.66090144403,171.50594160509354,73827.57747991948,73999.08342152457,271.44076629371347,271.44076629371347,47.47709961662797,39.06205948,1471.4264
/home/shared/exoserver/CHARIS-cals/Nov-onsky/HD7808/cubes/data/raw/CRSA00174371_cube.fits,83.03602,0.0,62.79,100054.69076824166,2798.7912316628644,48627.9497682894,51426.74099995226,125.00180615725266,125.00180615725266,47.511321729663095,39.03119439,1471.4264
/home/shared/exoserver/CHARIS-cals/Nov-onsky/HD7808/cubes/data/raw/CRSA00174372_cube.fits,83.0169,45.0,107.78,80226.95634118185,5249.299992750595,37488.828174215625,42738.12816696622,68.18534704388965,68.18534704388965,47.550888621527065,38.99613792,1471.4264
/home/shared/exoserver/CHARIS-cals/Nov-onsky/HD7808/cubes/data/raw/CRSA00174373_cube.fits,82.96057,22.5,85.25,100148.1320980429,656.9384983581622,49745.596799842366,50402.53529820053,142.60700349604036,142.60700349604036,47.589561802401526,38.96107519,1471.4264
/home/shared/exoserver/CHARIS-cals/Nov-onsky/HD7808/cubes/data/raw/CRSA00174374_cube.fits,82.96057,67.5,130.24,88439.63465161099,-988.8219231910772,44714.22828740104,43725.40636420996,107.52534753417164,107.52534753417164,47.62355543922415,38.93042898,1471.4264
